48
1 5
91 26 75 98 86
5 2
30 88
57 12
32 95
93 13
33 28
2
Transpose B
MUL A B
4 4
68 64 3 9
49 58 29 37
32 98 33 66
98 38 44 27
4 4
91 60 28 40
21 98 33 19
53 36 5 62
37 7 21 76
5
SUBT A B
Transpose A
SUM A B
MUL A B
MUL B A
19 5
25 76 10 53 53
51 98 58 4 79
49 4 99 97 77
64 59 15 5 39
95 7 72 67 68
83 48 63 29 67
80 44 18 70 28
99 11 17 95 48
20 76 51 51 67
51 10 63 40 29
76 51 31 93 9
76 45 74 19 7
5 8 96 9 94
10 42 81 60 97
19 24 11 37 96
51 6 66 4 22
27 41 38 46 56
96 84 65 82 98
21 64 44 43 1
6 12
21 12 8 60 1 93 29 19 88 72 78 99
45 36 30 53 62 65 5 37 36 32 54 43
58 79 44 95 77 29 66 88 76 58 52 22
47 75 18 34 97 48 47 85 64 74 66 97
38 0 20 74 94 30 3 33 3 24 95 29
88 46 40 10 11 22 19 74 16 48 91 46
2
Transpose A
Transpose B
22 29
99 41 29 89 5 8 49 69 81 35 1 67 89 28 55 10 10 72 65 47 77 39 91 45 33 45 73 46 82
16 63 33 74 88 8 4 85 58 45 28 65 44 78 76 27 62 15 76 20 7 74 51 14 98 31 29 4 36
14 6 51 83 53 51 26 14 80 33 98 69 67 8 53 26 50 5 4 90 81 76 27 64 54 58 76 28 80
5 29 86 11 8 70 4 73 21 31 82 43 36 26 99 70 58 24 39 62 2 83 48 60 55 2 94 61 80
28 93 88 50 62 14 82 12 95 57 51 61 43 57 27 34 92 86 59 44 89 0 36 26 33 78 30 51 54
20 49 68 12 89 17 45 45 82 27 27 16 85 86 39 90 76 1 96 2 80 93 53 78 79 63 59 61 82
23 29 90 61 39 61 44 34 4 39 45 52 86 95 42 24 95 58 8 33 13 47 18 0 8 17 44 25 24
51 53 16 31 41 11 92 19 55 51 89 49 35 33 70 11 92 8 49 79 84 87 97 45 5 45 9 71 65
95 9 22 87 53 96 39 2 17 14 62 6 22 1 28 8 75 76 75 58 17 53 21 89 52 55 1 45 50
28 53 1 60 97 54 77 63 40 82 5 56 62 80 52 89 69 31 40 52 36 98 54 96 43 1 17 62 72
16 79 8 61 28 2 64 47 4 75 60 26 24 48 83 30 89 58 34 42 25 86 12 4 3 37 88 68 45
84 40 85 89 70 66 53 3 47 40 30 53 20 52 84 67 94 49 26 13 93 18 33 42 60 33 4 93 68
60 67 91 98 22 15 47 66 36 72 64 67 63 75 24 2 50 6 84 54 21 49 1 25 36 64 92 54 25
41 52 40 39 40 83 98 37 14 26 62 15 12 55 20 7 44 49 56 65 79 71 93 17 89 79 49 95 36
2 71 47 32 80 34 77 57 92 33 8 23 82 87 25 28 75 98 27 27 56 75 32 56 35 62 69 61 19
27 24 20 77 92 53 68 41 93 31 72 59 48 79 64 28 10 83 90 7 43 70 61 90 57 62 36 94 60
19 53 36 71 1 79 88 65 66 97 43 34 83 81 67 11 63 59 88 79 91 61 65 10 8 82 49 69 14
77 16 8 27 3 14 33 8 6 88 16 70 34 44 72 69 93 30 55 29 67 91 84 57 7 73 34 93 91
57 39 93 38 69 67 15 7 50 31 14 98 47 91 34 91 78 78 44 30 17 47 94 51 72 35 34 29 64
36 46 55 47 73 76 36 8 62 29 42 28 0 75 46 15 18 55 44 8 53 68 50 93 86 53 66 12 82
93 14 3 49 59 25 82 97 57 35 77 44 30 22 15 61 69 54 13 97 30 7 8 40 16 2 91 20 36
78 96 43 8 19 43 67 34 85 98 24 28 60 45 70 6 72 87 21 51 84 41 11 53 52 64 46 17 96
10 7
6 93 79 99 99 68 80
77 95 23 35 23 63 46
70 31 61 13 16 36 70
95 29 22 23 68 33 32
3 1 13 2 10 15 26
59 95 27 79 27 30 90
79 28 75 52 83 26 34
93 51 0 17 56 73 76
61 63 44 50 47 37 47
81 1 55 62 90 92 13
1
Transpose B
3 3
76 66 30
72 44 35
24 48 7
12 3
8 43 87
32 67 90
37 92 90
74 26 72
63 59 48
90 88 97
57 26 35
73 46 91
19 16 52
68 50 86
39 61 80
48 80 95
2
MUL B A
Transpose A
3 10
3 16 56 45 71 35 27 76 88 20
99 57 97 36 83 45 43 46 64 9
95 57 21 29 31 80 78 67 78 22
30 14
28 52 79 85 60 22 4 48 61 4 17 8 58 99
12 59 35 87 42 56 28 99 91 21 26 48 5 61
85 27 36 92 75 2 40 30 74 36 82 40 22 53
70 68 34 85 13 82 89 59 85 1 76 10 92 26
90 15 57 50 74 33 58 42 55 34 43 25 46 73
79 83 81 52 95 38 86 35 75 22 45 1 69 66
53 77 29 99 57 12 12 6 54 0 62 79 29 44
64 97 53 95 42 63 73 51 4 7 3 44 38 10
87 44 24 13 89 76 61 59 68 94 16 22 16 4
34 64 61 91 8 0 95 97 91 71 45 58 72 13
91 80 0 9 9 77 96 11 63 47 57 69 66 81
7 89 83 35 86 94 9 16 63 7 26 5 62 9
20 88 65 71 80 8 31 53 61 34 53 94 93 53
84 6 25 79 93 83 73 91 31 8 34 96 62 33
6 85 63 28 89 49 91 24 55 31 13 17 22 2
18 43 51 51 36 61 9 24 72 81 4 78 88 16
36 15 81 78 80 89 60 90 32 45 72 18 16 67
9 8 4 63 25 95 1 1 80 62 49 48 68 0
8 48 11 50 16 69 55 97 73 15 87 52 56 7
49 4 65 42 53 81 70 55 98 73 66 89 24 20
47 71 93 57 78 57 42 47 64 82 26 99 27 1
78 74 69 53 2 65 8 15 65 79 88 56 63 47
15 84 20 7 12 25 36 64 43 51 91 53 66 66
12 58 43 41 32 60 66 63 6 68 91 21 94 7
99 1 75 13 80 12 83 49 7 93 75 36 58 73
37 49 47 88 96 69 67 19 94 15 51 89 5 36
60 43 81 15 23 15 79 2 93 61 42 50 37 77
17 31 28 99 58 12 26 72 51 9 85 84 65 33
79 85 8 55 41 13 56 21 78 78 88 15 53 9
5 44 48 98 60 17 54 94 85 86 7 26 83 39
2
Transpose A
Transpose B
7 29
47 51 30 12 91 74 14 76 66 65 62 4 78 58 2 98 81 94 87 87 99 18 56 25 65 51 64 73 93
68 33 0 25 6 67 91 85 13 0 2 21 43 29 22 39 27 2 37 43 64 95 3 0 51 66 32 22 96
15 10 94 96 5 24 71 53 0 81 33 78 43 49 14 32 7 24 40 48 64 54 32 81 52 23 4 62 64
92 39 39 60 45 15 16 57 81 66 42 83 1 43 65 51 32 17 57 70 19 71 57 29 69 27 72 60 30
88 81 59 5 26 70 19 80 91 10 47 53 4 51 64 9 76 72 96 67 19 83 36 72 3 90 34 64 0
5 8 87 56 72 39 51 34 6 46 29 56 51 43 72 38 48 61 15 80 89 25 53 53 19 24 49 99 1
14 90 25 23 15 13 36 75 47 23 41 52 43 27 14 82 75 93 44 87 57 22 43 98 7 73 43 37 30
16 9
84 55 97 20 4 3 95 85 80
96 74 90 99 60 83 4 56 42
13 25 90 11 23 26 79 76 9
91 22 76 21 36 73 61 2 62
27 16 95 0 42 94 95 58 31
75 62 83 4 16 56 28 76 61
52 83 80 21 19 96 59 98 41
42 92 90 49 84 25 8 11 25
81 39 26 80 56 99 67 86 47
58 68 10 49 83 83 56 66 81
92 31 87 38 53 16 40 10 89
60 24 85 70 50 83 93 58 2
41 64 59 89 50 18 29 45 68
8 25 84 68 80 67 28 55 53
16 75 10 24 33 10 38 45 93
46 39 84 61 86 48 24 60 79
1
Transpose B
15 12
7 44 67 39 90 12 83 6 46 95 79 29
17 50 32 35 75 58 68 55 74 39 21 95
74 26 82 26 81 34 69 39 18 99 82 88
75 86 19 56 89 36 30 9 86 64 6 23
92 10 68 31 28 65 6 12 10 70 10 19
93 52 51 36 74 70 83 95 81 47 15 85
15 0 91 45 12 93 2 8 25 44 88 13
90 41 87 17 55 44 85 43 23 40 98 22
12 37 26 25 24 29 30 45 43 11 8 52
30 64 38 45 19 85 31 98 31 21 54 63
52 13 0 73 94 61 7 82 5 61 16 19
8 63 57 29 92 16 36 46 5 31 70 98
60 19 78 24 27 61 91 58 10 43 1 87
34 4 87 57 4 37 96 3 81 67 77 68
50 22 58 27 17 47 75 23 81 14 37 37
14 28
72 71 96 14 46 94 70 11 29 10 7 89 4 62 57 16 20 63 36 57 75 48 28 96 79 58 57 66
88 50 15 86 26 95 15 41 40 36 26 5 1 36 68 89 38 39 76 74 39 16 49 98 16 3 40 91
70 27 84 96 21 80 25 46 87 10 12 53 23 95 61 51 6 38 96 22 95 97 78 44 17 97 27 72
63 93 22 50 5 79 48 57 26 24 3 54 84 52 57 1 86 17 92 91 62 77 67 28 56 43 25 54
60 74 29 43 20 54 54 1 20 71 47 44 64 70 61 88 94 74 44 37 20 63 47 66 3 52 54 61
69 36 25 26 82 24 40 71 0 1 8 72 86 85 93 13 38 19 64 53 95 16 28 96 69 25 64 0
48 63 94 59 32 81 71 32 14 78 78 69 53 15 24 31 50 55 51 3 50 42 25 6 27 11 92 7
24 72 29 97 9 87 91 27 19 61 4 74 31 78 15 66 12 43 98 48 96 8 92 94 78 66 33 97
93 12 38 27 28 13 28 65 17 94 31 63 13 78 98 91 18 75 35 12 65 30 99 83 35 37 82 82
81 88 1 39 78 42 99 2 13 93 27 69 67 74 36 90 83 32 76 94 46 35 8 95 53 75 18 2
19 96 87 87 30 12 43 3 91 73 85 53 61 10 81 8 2 99 27 29 64 20 40 19 81 85 97 93
96 10 33 9 80 19 10 78 60 7 71 36 40 29 44 80 92 56 64 11 8 4 28 86 85 54 43 10
19 76 84 43 39 6 1 14 93 71 51 28 50 93 21 6 23 7 53 4 70 87 24 64 47 99 84 70
3 19 68 26 41 69 20 37 25 1 82 19 66 12 86 92 28 59 3 71 48 39 34 24 40 14 65 63
1
Transpose B
3 11
45 75 96 56 8 51 95 60 75 32 50
0 83 12 1 92 75 75 81 59 94 1
93 23 51 88 50 75 51 41 46 79 84
23 12
64 7 92 1 84 8 48 93 4 83 4 28
43 9 43 42 64 14 12 92 67 46 15 40
1 81 61 4 54 70 72 44 89 8 67 34
38 91 44 53 92 52 58 93 11 3 10 84
32 60 78 26 66 56 75 39 76 3 34 13
53 46 62 11 35 99 90 74 8 14 63 94
47 80 24 13 87 51 52 1 89 74 25 51
4 52 63 83 46 5 66 30 77 92 81 18
13 24 5 98 12 85 16 25 29 39 95 98
93 65 27 92 60 97 84 17 43 2 34 41
80 31 74 82 87 32 50 80 12 88 34 98
32 75 88 87 40 95 9 68 29 60 47 51
96 27 56 39 5 92 82 52 82 80 5 70
63 13 99 53 85 81 37 6 89 63 45 51
94 64 0 8 30 30 72 96 27 12 32 81
11 41 2 75 20 35 46 89 13 52 18 26
53 40 1 50 42 16 62 35 0 6 67 59
41 51 17 14 23 72 53 77 36 34 88 71
72 11 58 73 19 94 30 30 38 30 60 27
6 79 80 47 74 36 69 20 21 14 88 38
96 45 79 67 99 84 47 13 5 33 28 71
2 13 91 75 18 53 31 12 5 5 86 55
83 64 46 86 76 78 46 49 12 54 98 64
2
Transpose A
Transpose B
12 19
24 14 17 11 77 77 81 38 97 17 78 1 60 66 7 5 48 93 95
42 3 48 46 3 90 78 74 44 96 81 66 46 23 16 38 81 98 1
66 83 88 91 7 3 38 97 69 85 83 81 47 27 0 73 69 3 5
49 87 51 73 70 16 87 61 95 62 68 19 54 33 13 31 61 48 72
77 96 7 73 19 52 70 71 96 96 8 2 98 3 17 65 95 22 2
70 27 25 95 49 61 83 82 49 30 98 88 43 53 41 39 32 31 95
21 65 62 24 23 75 4 64 46 98 54 28 82 77 74 85 81 14 92
89 79 29 83 93 92 62 7 64 20 89 7 38 80 29 79 75 49 72
76 99 25 28 37 86 83 48 53 2 94 78 85 19 6 4 59 90 18
75 32 34 31 10 55 53 94 79 60 29 9 79 22 16 56 48 71 30
45 26 84 29 49 8 4 78 42 66 90 38 65 42 86 43 89 5 31
0 53 24 93 4 59 3 59 77 0 43 7 92 90 20 49 45 36 85
13 4
6 75 59 90
2 75 35 73
35 33 75 57
93 80 92 85
15 62 50 80
4 44 3 90
13 85 26 99
4 74 90 81
80 80 58 7
58 28 34 94
12 40 99 73
84 27 12 38
5 31 20 12
2
Transpose A
Transpose B
26 3
7 25 38
68 68 98
17 18 6
31 50 83
30 5 63
82 68 30
21 33 85
0 60 6
29 73 70
72 87 10
89 55 3
76 29 70
50 3 81
71 50 5
68 66 24
77 61 65
63 78 17
68 44 47
97 89 65
44 80 0
4 8 25
87 28 96
9 70 18
12 72 12
28 97 69
1 71 0
4 19
77 41 16 40 13 20 76 70 87 56 80 66 62 46 87 70 84 57 96
19 35 85 35 51 64 19 24 5 2 24 82 18 79 18 78 82 36 11
20 62 4 93 85 10 85 37 54 67 4 3 12 16 3 54 37 14 92
12 17 78 8 18 72 40 31 3 66 24 50 29 71 11 1 96 6 82
1
Transpose B
14 7
9 62 29 55 73 42 69
27 4 21 78 50 75 50
94 5 71 66 92 3 68
39 83 18 70 89 61 47
93 90 59 76 17 26 42
43 53 32 23 22 43 13
30 42 76 46 41 77 87
51 41 2 14 76 18 27
13 19 51 59 31 55 54
22 56 90 12 9 35 71
64 99 30 56 16 63 81
8 5 70 61 37 94 62
25 55 54 2 14 55 69
85 10 62 18 97 46 91
9 15
95 72 33 91 70 66 94 47 51 49 3 82 51 19 73
4 86 35 93 28 80 44 56 11 14 52 54 62 48 38
54 84 10 83 43 54 6 6 19 82 69 44 70 93 71
52 43 83 21 60 83 18 96 21 13 91 1 65 35 93
84 73 57 39 37 72 5 56 60 85 94 70 5 74 72
89 4 22 55 11 35 70 55 80 19 29 56 76 6 40
71 76 1 22 36 57 43 4 81 64 10 78 82 90 95
32 14 3 81 70 12 11 85 9 3 4 9 85 90 33
37 56 56 50 6 15 88 7 25 66 66 71 11 21 20
2
Transpose A
Transpose B
2 6
87 27 32 22 40 14
52 19 40 6 14 83
29 17
44 70 0 91 83 15 78 13 93 40 26 16 8 6 83 14 17
73 92 0 52 27 3 85 24 5 6 19 70 37 8 41 29 64
76 53 52 3 2 96 13 16 11 39 65 86 55 62 8 14 6
99 92 25 20 99 3 28 38 84 7 64 15 6 19 69 22 57
7 6 10 40 71 38 33 87 91 73 60 8 52 57 95 46 57
2 52 68 81 71 69 11 51 29 84 22 10 16 15 25 3 7
76 9 83 8 99 72 17 92 78 12 78 84 71 64 11 76 47
47 2 6 36 40 24 47 84 90 93 11 86 34 30 28 60 69
63 62 92 64 28 94 85 29 84 40 35 34 3 87 82 23 3
72 51 69 70 88 78 22 28 99 18 16 50 88 21 29 30 21
0 76 40 90 84 24 64 67 27 64 75 27 31 14 69 85 89
99 94 70 29 28 34 55 56 74 59 83 46 99 38 57 60 64
83 15 74 27 72 55 9 71 75 74 58 99 30 76 96 2 12
92 19 21 20 3 52 40 76 92 9 87 21 96 37 63 27 17
37 96 4 19 65 94 17 67 41 68 74 47 25 11 33 78 5
53 23 54 32 45 51 12 52 11 80 37 14 36 25 66 51 14
7 8 36 29 49 0 14 99 88 55 0 41 68 56 96 70 84
73 89 18 6 14 95 35 78 2 24 58 77 97 28 13 16 28
69 92 59 38 40 61 20 28 97 29 56 57 52 1 45 70 95
7 97 20 65 39 74 5 91 21 27 71 81 17 8 98 1 6
91 66 2 41 76 94 56 4 24 44 9 59 66 19 51 36 99
16 57 5 71 53 6 63 80 62 12 16 91 28 59 10 3 53
26 95 29 43 20 77 68 56 36 81 78 95 45 70 19 82 15
32 99 67 25 24 47 71 21 55 10 25 93 97 37 51 25 26
61 12 90 60 56 90 4 80 50 40 51 19 35 44 39 78 10
27 94 25 12 65 53 64 83 18 29 74 22 10 70 86 32 94
16 12 61 98 92 36 87 59 42 62 57 64 18 21 16 47 94
74 26 36 53 96 57 14 48 53 95 27 83 3 64 75 4 98
16 12 12 95 51 31 33 93 12 40 88 51 33 75 14 98 25
2
Transpose B
Transpose A
30 23
52 10 59 32 64 91 53 92 95 96 61 11 11 53 47 96 59 39 14 83 62 7 54
95 74 79 25 27 89 22 86 53 26 77 10 35 56 15 17 88 23 23 95 99 7 4
11 47 27 58 98 0 96 42 42 14 35 94 37 27 82 68 9 30 80 70 36 78 52
64 86 44 98 71 33 19 55 38 64 34 75 99 11 12 40 54 85 65 62 75 98 20
37 63 56 67 39 6 18 63 42 38 3 51 57 54 82 87 64 1 11 7 78 83 50
48 69 83 44 44 16 74 8 51 22 80 50 52 36 40 41 79 6 79 95 23 49 67
89 5 83 68 78 54 43 74 22 75 5 65 28 89 13 75 79 94 11 15 72 19 84
63 35 76 58 50 35 21 46 65 14 22 73 12 13 95 44 43 51 29 19 74 21 63
90 30 73 67 25 17 14 10 83 19 50 71 9 55 29 85 73 63 36 14 3 97 97
12 85 46 9 87 61 96 28 58 95 22 66 84 88 41 59 58 37 51 46 71 58 65
24 13 61 61 78 96 75 89 89 95 85 29 76 52 8 30 47 22 14 56 39 19 14
27 83 1 10 69 18 30 8 82 47 47 31 94 55 53 64 2 93 15 92 64 20 72
48 3 71 19 6 66 87 6 11 4 88 19 95 45 35 22 6 23 60 90 99 9 54
99 97 62 46 23 23 3 7 73 78 23 9 6 77 60 65 61 20 15 54 92 18 33
16 44 6 29 54 55 9 64 35 60 42 95 41 77 20 62 32 29 34 50 32 39 69
79 43 23 70 78 20 91 63 9 23 45 64 4 52 24 84 53 55 84 38 52 64 88
43 23 77 51 44 94 49 4 84 85 1 28 67 57 86 85 17 48 78 74 50 69 48
49 11 59 20 69 33 40 62 93 77 72 93 99 5 34 6 71 21 74 43 7 99 72
47 82 49 9 13 63 88 49 68 65 47 29 62 30 63 93 38 59 74 51 7 23 85
70 5 75 51 16 30 0 70 20 40 85 10 62 34 23 24 86 55 32 47 70 42 74
42 65 63 0 14 43 58 28 54 93 56 19 5 17 51 9 63 36 30 85 53 29 25
73 14 69 79 6 24 82 72 12 90 42 20 33 88 74 49 64 34 82 48 10 96 3
7 65 20 70 13 65 87 52 56 97 39 97 73 29 27 0 69 95 75 85 74 44 16
51 34 37 77 26 50 5 59 42 25 24 52 87 43 42 53 89 41 11 48 64 94 49
46 79 32 65 86 96 58 96 83 14 25 54 68 74 29 1 24 73 0 89 76 98 88
28 18 33 97 76 22 65 10 59 46 86 41 46 30 10 95 46 96 21 20 83 56 6
4 32 6 73 54 55 69 14 10 13 4 57 46 16 62 38 7 68 24 29 86 47 52
9 37 96 78 50 68 44 0 28 14 5 25 45 31 79 57 25 68 79 37 82 30 76
9 15 28 95 83 10 14 98 85 65 32 66 78 38 44 26 55 98 21 53 49 31 4
78 21 2 48 37 21 69 63 97 79 15 32 80 46 95 10 7 17 5 18 97 6 30
28 17
64 22 69 71 27 12 61 49 17 48 33 26 18 86 39 45 92
17 34 49 81 35 83 20 96 45 92 4 37 71 97 65 9 97
11 72 30 33 55 56 52 10 11 43 7 2 75 41 0 1 67
55 48 5 66 10 57 52 28 98 82 59 98 85 91 77 29 95
90 6 54 37 11 83 10 40 9 47 67 62 22 87 20 61 57
65 53 38 92 72 66 27 55 98 80 59 30 62 21 22 31 20
51 19 34 75 26 52 12 9 80 85 89 73 27 68 37 35 92
94 93 9 40 3 68 90 78 49 61 66 43 73 64 36 82 5
39 9 31 89 54 57 6 74 2 8 72 57 17 23 51 86 43
16 74 95 55 22 46 84 73 85 35 78 33 3 13 40 82 65
31 88 0 35 86 26 23 27 87 30 26 97 78 68 43 95 5
53 15 21 53 71 60 80 72 73 90 77 66 1 47 54 55 92
51 69 68 43 98 0 63 65 37 69 77 90 65 37 29 43 78
21 88 28 3 99 45 24 93 85 56 4 62 11 58 59 65 4
69 19 0 9 90 1 25 22 17 73 27 77 69 16 1 68 3
34 85 8 63 74 29 98 63 47 35 17 58 82 22 67 88 68
1 51 26 52 50 46 63 6 94 79 78 0 78 40 71 20 17
66 79 13 61 44 25 72 20 46 95 49 95 49 20 60 65 63
85 37 71 9 29 79 4 43 54 12 87 98 74 67 94 4 44
81 2 29 54 51 3 33 14 18 58 23 13 98 69 78 50 44
82 49 63 27 21 40 93 2 55 59 17 44 86 48 87 82 15
0 85 2 19 71 78 25 14 75 38 6 47 98 18 10 68 90
51 9 10 66 55 22 52 95 63 62 36 52 13 42 32 21 37
24 88 35 96 7 53 70 92 52 62 96 63 35 98 87 47 6
38 32 64 9 4 57 99 55 0 68 36 69 7 81 12 62 80
21 85 60 25 33 19 89 0 49 24 17 27 94 31 49 0 67
28 11 40 24 16 90 98 31 27 63 85 21 14 95 6 24 56
14 50 65 66 28 89 82 26 9 38 54 87 67 73 53 87 19
2
Transpose B
Transpose A
29 2
27 2
90 87
47 25
29 20
40 46
77 48
30 47
50 14
4 3
18 14
64 89
84 81
40 95
98 12
18 45
84 94
24 8
27 88
27 92
34 24
78 81
53 60
25 47
39 25
49 63
89 51
20 38
48 53
84 98
24 30
95 55 8 40 26 37 41 15 66 79 93 15 95 9 89 54 34 89 57 18 93 70 75 44 88 38 15 92 36 65
82 7 46 58 21 57 77 65 94 71 62 47 34 44 96 94 33 2 33 73 55 59 65 58 59 89 46 93 82 61
76 46 27 54 82 40 55 91 17 13 43 58 53 44 93 90 47 87 76 25 69 73 22 90 97 32 10 23 25 20
77 64 89 63 39 47 74 77 2 75 73 20 46 11 35 59 94 58 4 17 16 43 28 70 61 17 18 32 76 34
57 40 86 33 76 23 57 88 70 64 33 13 83 55 27 73 68 9 13 13 12 92 38 74 51 93 12 29 74 91
81 85 14 48 47 41 22 85 55 13 34 2 4 37 90 67 75 65 8 60 64 71 81 88 90 40 44 69 29 21
78 45 86 52 99 91 1 48 33 14 84 61 22 9 87 87 48 64 66 82 61 67 10 9 77 53 89 95 17 95
67 32 91 77 68 82 65 74 68 82 92 51 34 65 86 61 27 22 71 21 11 20 63 46 1 5 45 44 52 81
40 38 7 23 18 83 39 81 57 97 48 39 42 8 33 70 91 51 25 50 90 0 27 19 85 65 41 4 56 82
43 5 38 62 97 65 41 55 72 21 81 2 42 8 98 91 55 72 68 75 44 87 49 7 36 44 64 64 72 3
75 44 56 44 93 76 22 63 65 8 68 78 94 60 10 24 76 45 65 89 89 48 38 40 13 70 86 74 58 97
88 67 58 64 21 79 88 11 96 2 3 9 35 95 24 77 42 43 53 28 86 48 61 40 16 12 12 40 99 34
26 1 73 70 74 71 25 40 62 15 88 13 69 51 1 62 13 20 57 45 49 5 88 6 55 37 13 37 5 22
44 36 33 91 64 53 48 47 74 95 3 82 58 72 12 37 49 33 82 81 32 56 40 71 4 92 51 27 8 37
68 24 33 55 81 76 41 17 37 13 65 50 55 0 32 17 66 99 77 55 25 47 51 5 83 99 72 70 16 16
46 3 10 36 44 29 61 5 36 37 19 35 95 76 55 28 93 95 24 38 81 35 29 18 80 98 85 9 4 34
98 64 4 5 13 36 69 78 39 31 74 99 18 60 84 68 96 89 1 30 45 88 65 20 13 29 70 16 75 64
69 24 55 43 64 21 92 12 85 56 56 11 36 63 49 76 35 24 10 4 40 21 78 8 79 13 98 11 77 46
21 95 20 70 0 32 25 0 92 21 52 22 60 20 45 55 91 92 7 44 85 36 83 59 15 95 75 5 97 67
19 32 59 46 25 53 76 22 34 37 98 62 37 38 62 93 80 78 77 53 20 67 97 64 88 75 66 26 94 35
39 83 48 45 52 44 40 5 59 55 41 90 72 81 58 95 14 99 15 52 21 69 88 18 73 85 18 7 66 23
76 80 3 59 49 94 74 98 96 18 73 91 83 2 25 99 59 57 17 30 81 77 59 78 65 96 75 41 86 97
97 45 94 62 93 60 70 43 19 17 19 94 47 89 89 68 0 65 6 37 50 21 54 22 24 24 31 68 17 63
21 10 41 0 12 83 25 0 68 70 32 63 66 3 88 22 12 10 89 33 12 93 23 93 66 40 39 76 90 9
2
Transpose A
Transpose B
24 19
90 50 49 89 36 68 16 97 82 74 13 87 90 72 63 79 54 61 21
49 4 39 52 3 46 55 64 87 76 97 62 18 55 92 63 63 95 78
74 60 48 84 0 12 39 84 53 77 66 6 31 91 74 15 83 36 47
71 65 41 8 97 27 90 91 19 39 33 9 13 74 13 44 46 20 53
17 1 90 36 66 48 12 28 85 87 98 47 18 64 48 18 33 70 47
31 83 34 97 8 11 60 37 60 99 8 23 79 94 55 26 70 80 83
66 57 57 0 32 81 39 37 25 51 8 59 88 45 53 92 85 30 73
1 42 22 28 40 9 15 58 77 83 26 44 88 71 71 40 42 56 5
10 32 23 30 61 47 86 14 41 47 12 86 11 93 22 22 41 56 88
29 46 58 82 55 57 32 79 26 73 94 43 55 39 22 10 49 80 79
33 32 21 12 1 22 9 81 85 9 91 63 72 33 5 39 90 9 49
99 32 25 75 95 49 23 42 19 44 72 38 22 94 64 31 59 74 2
73 26 60 92 40 38 81 18 72 27 7 64 84 51 5 35 56 44 19
55 72 11 44 31 38 34 49 34 37 34 53 79 7 67 70 8 47 21
88 10 80 34 59 67 77 3 76 22 61 16 27 79 74 25 96 43 80
70 56 31 20 97 94 98 9 4 27 18 88 46 72 51 95 41 34 10
50 30 19 14 29 12 31 62 66 11 74 52 57 11 45 46 82 95 43
20 7 4 55 14 98 84 13 8 70 88 29 23 96 96 22 93 84 26
56 87 42 54 90 4 78 10 26 33 87 49 17 72 99 38 36 69 38
19 0 3 29 89 32 1 87 11 31 1 48 42 9 56 2 14 70 36
9 75 38 90 16 77 8 23 39 35 83 98 84 49 70 68 73 71 21
51 89 10 19 84 79 57 6 20 4 82 52 97 45 68 9 73 57 33
15 87 34 69 32 51 48 6 68 31 15 37 97 61 13 57 75 54 37
23 38 31 48 70 12 95 4 32 47 27 16 75 3 44 67 65 70 28
27 24
17 10 38 19 34 58 31 1 91 80 32 74 71 22 46 24 75 21 13 60 50 45 57 51
48 60 78 94 56 33 76 21 21 36 32 93 62 88 45 41 69 19 98 73 33 57 41 13
2 45 79 44 33 95 80 77 22 60 98 31 24 26 97 78 25 20 48 99 87 0 15 4
35 11 37 85 18 77 30 31 71 83 99 39 64 84 58 85 4 4 0 44 2 26 40 0
46 79 92 59 90 56 99 34 63 95 53 10 27 22 78 72 33 90 44 19 6 51 26 33
72 47 63 41 56 46 0 50 92 59 66 69 98 88 87 95 88 41 13 4 53 90 91 79
50 50 24 10 96 31 27 21 45 61 77 2 39 71 98 97 36 14 80 34 70 24 82 95
7 4 88 89 0 39 28 41 22 8 59 87 92 26 48 75 48 57 62 53 64 11 61 83
98 99 90 26 2 17 1 28 95 8 26 95 18 2 31 24 49 35 79 90 38 8 94 53
98 22 91 67 9 85 13 14 72 98 57 64 63 16 6 52 62 46 38 18 69 38 86 28
1 15 50 68 63 48 71 88 11 88 46 88 40 32 99 74 60 69 37 22 47 52 51 86
17 16 25 13 13 99 9 58 29 52 23 51 1 69 1 37 44 31 3 84 66 41 30 69
43 23 95 60 61 57 66 28 74 70 14 6 25 26 51 35 93 10 7 45 34 19 71 76
47 77 35 20 13 12 58 92 72 19 37 80 31 97 54 5 71 0 32 27 31 71 36 22
14 76 72 44 62 75 86 5 57 57 45 61 23 37 69 11 84 89 76 10 31 42 25 47
20 38 95 79 72 45 17 74 56 41 72 83 99 72 70 81 4 65 20 95 85 9 3 92
46 90 18 7 46 55 44 81 76 91 30 24 98 83 62 24 30 16 94 3 96 53 75 82
45 58 10 85 83 57 8 32 20 70 76 93 51 3 11 58 43 92 18 96 72 46 64 79
22 66 33 46 79 45 25 92 32 66 42 44 74 3 5 33 54 76 4 10 18 0 63 94
88 84 59 38 19 37 70 54 48 73 94 72 25 64 77 5 89 43 41 36 89 45 85 86
4 73 61 99 51 69 2 48 96 20 69 65 82 50 47 23 35 22 13 7 56 41 17 67
29 28 93 1 57 64 33 91 68 92 98 12 44 35 50 16 40 0 99 54 15 39 62 99
24 12 9 11 55 72 70 32 85 42 23 5 59 60 76 1 59 9 72 41 59 37 21 56
81 20 74 54 95 15 90 36 97 92 59 70 16 97 43 46 75 4 1 17 4 10 49 79
97 37 80 72 38 67 32 32 90 55 67 29 62 66 53 60 36 23 97 19 13 2 91 61
85 72 73 8 28 51 96 99 21 57 22 71 34 36 23 90 94 66 87 15 81 2 73 19
2 65 37 82 92 45 6 66 78 13 19 77 25 84 92 57 34 62 91 91 69 63 16 53
2
MUL B A
Transpose A
9 19
88 27 44 95 12 32 49 34 96 32 1 90 16 85 11 72 32 82 98
14 91 88 44 57 75 85 91 32 39 25 57 82 8 18 47 2 86 7
79 9 8 22 14 6 9 74 51 92 34 29 37 0 24 78 34 47 8
68 45 48 39 0 88 66 50 70 4 2 56 26 20 18 97 53 99 37
71 98 88 90 45 71 2 50 92 12 12 66 71 54 37 93 89 13 41
47 30 71 48 89 44 34 64 49 41 92 25 55 60 66 70 45 2 35
55 33 43 56 85 32 95 25 98 93 76 63 63 36 72 91 98 81 52
38 89 98 39 95 87 98 17 97 22 84 75 50 49 51 54 95 1 32
53 85 35 12 12 33 76 23 43 53 55 64 43 52 47 26 29 11 88
20 11
37 28 95 16 72 65 87 87 44 76 36
92 50 34 34 71 82 50 22 98 30 10
37 22 66 43 58 70 51 33 11 38 85
1 42 58 34 31 14 7 23 91 35 52
14 56 57 8 75 35 4 2 94 33 1
47 46 66 98 11 54 20 50 77 18 83
26 7 92 34 90 83 28 8 48 30 67
91 45 14 87 71 13 93 65 72 32 90
19 67 90 98 15 4 40 29 29 85 81
13 35 16 74 62 11 74 14 53 68 22
36 36 51 16 52 9 42 24 20 23 99
21 66 19 77 57 62 76 3 44 61 87
10 97 65 18 40 14 53 77 13 22 86
41 80 8 27 55 24 87 61 42 70 22
41 39 27 55 95 57 20 9 39 88 38
99 59 35 36 98 95 55 83 62 61 73
27 7 6 51 90 44 77 19 79 11 1
24 10 44 72 97 81 44 25 43 56 92
42 12 30 29 34 35 21 37 55 47 76
64 4 14 3 73 68 66 59 28 16 10
2
Transpose A
Transpose B
17 17
86 85 74 98 95 42 53 6 85 24 24 34 60 54 23 88 60
40 88 87 28 71 92 87 84 75 13 65 94 60 90 55 24 23
63 49 37 91 9 90 38 71 62 6 27 72 34 18 36 46 96
40 8 76 98 5 93 77 97 70 98 65 43 57 27 57 28 14
76 28 84 36 65 69 56 13 45 84 6 0 67 14 87 8 6
28 47 43 82 48 90 81 80 13 37 98 49 10 32 1 42 94
4 21 74 28 8 48 83 85 73 74 43 89 43 2 92 99 99
74 51 49 80 15 40 73 24 79 64 8 9 15 92 99 56 22
29 55 74 2 92 13 92 19 14 97 73 31 98 16 46 7 41
92 58 2 40 15 46 93 33 65 62 96 63 32 16 24 99 83
38 28 47 98 64 93 25 99 80 7 37 38 20 56 43 17 57
19 6 18 23 24 97 10 88 83 54 95 25 42 33 13 26 40
5 20 76 86 68 73 42 67 47 49 15 30 35 6 24 44 51
86 56 67 93 20 24 0 38 59 69 80 51 94 28 26 96 99
78 7 58 16 26 25 64 76 39 45 39 20 9 37 24 7 65
73 91 93 26 67 85 43 0 3 74 14 59 94 36 8 74 95
40 72 23 43 12 37 97 68 8 59 85 47 92 27 45 23 68
19 4
35 62 40 26
30 72 46 66
28 36 42 64
16 46 47 17
90 11 34 23
7 85 80 37
44 91 42 33
51 49 25 91
83 40 71 33
89 8 35 8
5 84 48 5
46 96 85 1
3 41 86 82
18 23 69 92
34 95 67 66
68 98 34 37
40 56 96 23
43 88 47 95
0 67 92 59
2
Transpose A
Transpose B
9 15
76 5 42 78 56 94 21 0 5 12 97 35 46 68 46
92 44 62 79 60 52 41 95 13 8 6 33 94 2 85
23 96 7 75 67 18 68 26 67 10 3 71 28 29 71
94 87 72 82 96 62 20 11 37 92 81 94 45 70 15
29 91 28 33 25 31 38 63 45 15 59 37 13 97 4
73 28 37 81 12 20 26 79 46 81 65 25 62 13 88
41 52 67 72 61 51 30 51 68 32 91 39 3 14 31
60 85 43 16 32 69 85 50 59 22 65 96 43 56 35
3 12 30 50 26 11 28 39 26 45 0 66 69 20 34
4 30
16 43 15 61 81 91 23 92 19 76 78 70 81 17 54 18 65 67 14 26 13 3 12 85 27 69 33 49 16 70
46 21 35 1 60 23 61 52 61 18 55 19 89 92 20 56 23 80 47 11 37 49 32 29 52 32 11 30 44 68
52 89 9 5 82 30 16 63 79 62 24 14 28 53 80 74 3 25 28 37 65 7 9 15 37 58 76 46 94 99
49 39 98 45 77 45 12 47 39 91 67 87 73 26 73 62 14 70 47 6 25 35 81 81 20 17 76 63 2 21
2
Transpose B
Transpose A
26 28
6 74 18 51 84 41 66 20 93 59 20 40 85 83 53 5 10 50 32 14 33 19 69 60 52 32 34 42
15 68 76 47 63 86 31 98 58 59 0 29 88 44 2 38 71 4 11 72 59 54 64 12 66 88 8 55
28 74 54 54 86 74 30 11 33 37 0 36 62 17 70 40 73 55 11 79 62 40 69 54 31 68 54 56
93 8 97 51 59 48 60 35 94 97 76 17 28 10 86 37 4 65 81 19 94 0 44 15 22 54 28 28
48 49 40 81 62 87 44 82 28 29 12 26 89 29 66 91 38 37 56 22 93 45 25 29 89 93 67 96
22 63 3 74 44 45 33 10 88 19 73 91 61 88 83 94 17 50 58 66 38 68 53 22 13 61 75 32
23 19 24 8 49 87 46 61 42 36 58 75 97 15 86 90 30 13 25 36 84 37 7 20 16 78 99 59
20 66 3 12 57 5 74 37 26 20 91 48 36 96 18 65 80 52 34 46 79 54 64 99 47 2 72 50
32 89 22 53 61 85 18 23 28 38 43 59 70 29 29 14 21 82 80 93 78 56 29 94 70 88 24 41
28 48 51 59 98 19 9 59 24 45 39 62 66 89 10 54 71 76 8 16 27 46 91 94 92 3 68 70
57 20 66 2 57 56 46 75 82 63 76 23 6 53 81 73 28 72 11 50 88 63 54 65 93 72 16 45
17 51 88 77 93 95 61 9 32 94 44 97 41 87 78 65 14 78 75 63 65 27 78 78 84 8 17 37
59 42 2 12 0 87 48 68 47 48 86 0 17 53 30 56 78 58 28 90 81 74 9 58 3 25 87 73
74 41 51 96 85 20 67 20 24 14 34 59 56 71 42 81 50 7 22 16 20 94 51 17 19 16 95 75
59 0 52 79 8 24 4 57 92 68 14 49 19 46 82 66 1 4 2 97 90 95 32 85 26 35 61 40
85 68 62 18 78 8 20 94 67 1 48 58 33 85 68 53 95 45 41 64 6 62 78 39 76 34 51 61
17 52 63 12 79 74 70 4 95 6 15 34 97 73 21 72 88 66 43 10 0 69 46 75 63 71 15 68
21 54 61 98 31 62 75 52 68 77 56 14 20 57 87 19 57 86 7 34 76 92 27 88 5 52 24 80
81 42 15 70 27 54 68 0 9 89 84 77 31 53 96 63 54 69 1 92 2 65 27 96 5 44 98 44
14 6 26 54 60 66 81 30 26 91 66 38 94 31 20 65 31 85 3 2 24 45 39 57 80 52 66 9
40 40 63 45 97 56 78 30 94 29 84 35 41 89 21 94 66 65 56 31 8 49 37 41 44 65 35 42
65 85 24 27 90 97 21 10 48 85 62 81 91 59 62 3 82 73 81 25 98 73 39 43 7 32 52 95
4 97 35 90 7 91 83 35 35 23 51 86 72 19 21 35 27 95 36 30 59 27 11 60 35 88 36 49
21 74 61 65 85 26 74 74 9 10 7 8 63 24 28 40 92 26 86 13 18 81 59 75 22 84 59 15
1 75 12 41 60 30 29 28 89 10 88 35 34 42 69 90 43 45 59 80 82 50 34 83 20 87 84 54
26 31 33 38 32 27 34 32 54 68 89 69 7 64 46 48 28 20 94 99 14 35 50 5 31 58 63 55
4 26
56 49 58 73 22 46 18 72 28 94 93 70 69 78 81 25 4 66 4 12 75 8 36 55 8 32
91 69 20 25 0 87 62 43 43 75 72 57 12 55 36 31 58 67 55 17 25 60 34 86 92 61
77 21 75 38 90 78 74 83 38 33 29 25 66 74 64 23 91 29 80 31 56 75 51 62 21 76
10 64 71 46 20 7 51 74 36 68 29 53 28 32 9 2 47 60 82 2 74 95 10 71 49 95
3
Transpose A
Transpose B
MUL B A
21 3
2 9 6
64 54 46
8 88 45
84 23 59
44 39 19
43 81 51
18 66 72
11 62 13
62 13 39
5 46 19
44 92 49
49 43 79
18 99 98
48 31 65
54 93 38
88 74 40
27 19 15
20 62 62
57 18 15
29 91 12
44 40 71
24 24
32 52 85 47 40 15 56 5 44 94 99 11 9 37 0 78 8 20 92 85 97 95 62 37
60 19 0 74 96 42 52 46 43 6 18 37 67 32 74 8 40 61 56 88 29 99 61 28
16 15 46 3 47 61 20 29 69 25 32 94 94 59 39 50 53 13 45 77 91 67 44 99
22 62 15 34 61 32 14 51 99 89 10 48 42 17 8 99 89 42 73 60 52 67 32 7
64 94 9 73 1 30 72 17 10 24 51 23 78 83 68 14 2 13 89 56 85 52 91 47
55 91 53 9 77 35 72 62 61 17 88 86 25 60 77 3 9 80 49 49 33 34 21 63
60 43 9 95 55 69 92 21 7 76 70 73 1 92 6 77 50 55 98 67 35 74 7 74
73 7 40 49 91 33 20 82 93 39 86 68 70 93 78 63 13 89 84 55 83 19 98 54
23 68 30 28 68 42 96 37 2 90 73 45 87 49 37 81 34 11 22 42 78 11 65 76
32 31 49 42 30 67 79 89 41 10 1 28 85 81 33 13 56 11 92 21 8 49 75 6
76 90 24 97 73 28 61 15 88 67 58 34 42 95 6 38 49 57 43 87 47 78 56 96
2 60 60 12 9 2 95 77 49 16 49 3 33 50 23 4 82 97 26 8 83 40 61 24
13 72 8 27 18 41 86 28 80 73 93 28 40 8 76 49 21 64 74 26 87 2 40 83
19 60 86 96 79 3 62 56 79 77 98 37 91 64 63 12 99 99 24 2 8 51 87 97
17 84 95 50 7 52 50 72 64 58 17 96 42 69 7 79 67 67 27 62 43 34 27 34
55 82 92 57 64 79 97 28 74 72 39 34 20 79 71 64 28 7 99 5 9 50 41 47
76 39 1 16 11 44 15 23 70 77 57 2 5 4 3 21 14 64 15 83 51 56 62 44
66 12 81 77 24 43 51 26 24 47 25 25 99 46 81 31 68 88 38 55 14 36 81 83
44 55 85 56 85 58 11 32 15 66 90 6 26 32 76 12 12 86 39 86 98 22 47 37
62 31 74 90 18 33 71 37 80 43 54 92 62 98 42 48 47 81 55 35 72 93 56 85
10 1 69 64 49 82 76 76 77 24 20 3 70 78 79 37 97 99 92 56 89 87 54 7
49 31 55 89 90 45 93 79 67 14 16 0 11 84 68 97 89 93 52 11 61 88 3 99
4 61 83 26 81 18 81 36 30 32 0 32 41 8 48 85 52 81 62 53 70 83 86 41
98 19 12 72 50 39 92 68 44 51 88 85 26 78 77 17 52 44 29 53 24 2 53 70
1
Transpose B
30 21
2 48 19 95 68 33 28 19 26 98 17 25 45 56 78 79 25 55 88 90 39
73 91 54 58 31 63 7 91 55 44 44 71 85 0 15 7 96 99 9 15 69
32 35 88 50 67 23 77 68 97 14 33 77 0 49 94 65 1 21 52 19 31
78 29 2 66 89 45 19 88 85 33 21 81 28 93 43 46 82 9 9 38 52
98 74 81 86 65 71 37 90 60 87 43 25 17 14 90 81 65 34 80 47 70
17 37 66 44 81 50 13 12 5 95 33 8 79 34 79 69 70 65 76 83 77
11 12 27 4 80 66 86 92 72 72 15 27 81 64 32 3 92 85 99 27 33
6 47 24 52 66 35 58 41 43 38 88 30 70 77 53 7 28 47 37 66 95
56 39 51 68 74 95 72 48 43 81 84 89 62 88 69 52 91 79 1 89 78
14 44 60 10 97 39 65 23 97 68 10 9 1 16 40 58 69 23 12 35 27
48 45 40 55 26 76 59 21 97 0 94 83 41 20 12 5 14 29 61 12 30
99 80 75 77 87 11 61 76 58 73 21 26 82 7 3 74 3 68 43 60 35
50 23 88 34 69 88 35 91 48 70 5 86 33 28 89 97 99 62 44 74 70
84 75 81 57 5 90 37 99 24 84 30 39 50 78 33 32 22 86 29 98 89
35 18 5 44 14 11 41 67 46 14 90 90 90 42 0 66 29 66 49 35 41
31 70 82 13 16 17 13 73 36 63 2 52 63 28 56 95 19 58 53 40 83
9 92 10 65 43 82 91 23 25 39 20 51 70 82 2 95 33 67 0 64 76
87 24 44 88 12 54 79 41 84 95 47 3 55 48 43 84 21 20 82 60 14
82 51 17 19 92 74 24 4 54 85 12 7 2 90 0 60 17 57 49 32 76
68 54 32 47 97 48 33 25 74 55 4 56 49 3 58 20 38 44 82 29 77
79 80 13 17 19 57 66 2 25 35 59 63 89 52 62 18 29 83 25 23 48
91 46 47 11 78 91 83 58 54 67 39 29 82 65 26 62 9 12 37 43 70
78 90 40 39 66 48 71 8 25 17 0 96 69 92 25 6 79 56 62 51 30
30 98 59 81 39 66 31 94 78 80 56 81 56 29 54 79 76 71 3 8 99
20 98 17 57 59 85 59 34 32 82 85 28 73 80 59 48 68 34 5 80 5
84 31 56 78 64 25 69 99 27 58 79 99 89 46 46 22 65 54 17 96 69
34 24 73 2 57 92 10 32 41 5 7 65 9 28 49 32 16 17 55 35 8
79 84 47 86 27 91 14 20 53 35 99 49 28 72 71 0 68 63 88 76 16
34 10 67 39 97 41 51 11 44 42 9 99 64 29 81 89 29 59 41 84 5
5 42 13 31 37 16 52 89 64 62 98 66 27 82 0 63 27 55 46 75 99
21 3
31 5 90
2 48 23
6 51 62
18 82 73
61 73 64
8 93 55
16 16 53
0 7 58
55 91 80
55 29 41
89 7 77
50 17 89
64 28 66
54 43 28
41 69 6
17 27 10
65 3 40
4 56 6
11 18 21
31 11 8
33 93 12
2
Transpose A
MUL A B
22 13
6 60 31 71 48 97 75 76 34 94 22 41 63
22 3 27 18 86 92 56 8 5 94 52 27 41
59 52 35 43 69 16 83 29 68 41 89 77 30
43 89 47 39 57 37 70 55 25 34 93 22 33
1 44 31 23 79 31 39 27 78 26 58 54 45
51 16 36 12 52 90 39 57 46 41 43 50 29
22 51 18 62 95 91 4 70 20 88 99 94 49
84 87 28 47 64 92 40 13 58 6 17 52 96
50 23 84 67 30 84 16 17 5 49 45 85 52
66 66 58 58 68 82 13 34 60 6 68 60 44
46 34 96 73 34 74 41 64 65 79 70 50 24
93 54 30 90 78 64 74 14 50 39 14 23 7
75 9 16 61 20 86 58 65 65 13 42 96 99
27 56 41 90 39 10 22 13 94 4 52 27 35
79 85 42 1 44 59 59 61 28 95 19 31 74
98 5 17 63 14 62 91 62 79 8 48 35 66
16 76 3 41 7 56 3 17 10 11 29 73 76
49 54 85 36 73 55 22 91 93 86 94 14 25
6 61 49 65 13 76 3 8 60 95 84 5 31
80 77 73 18 8 21 25 75 41 61 49 75 91
72 25 44 31 9 84 38 3 74 9 81 84 69
94 49 61 12 28 25 63 48 23 81 44 84 67
26 15
83 24 4 82 22 72 5 55 82 87 4 29 71 96 36
92 99 26 24 14 8 93 7 91 88 15 99 85 12 70
72 91 41 27 31 41 29 18 93 89 51 53 25 75 35
60 53 2 78 80 0 51 28 90 56 48 24 66 2 82
50 5 47 11 68 85 16 33 27 62 65 28 27 37 53
61 67 21 23 18 26 44 62 41 71 53 53 34 15 81
78 66 30 37 92 5 56 4 27 20 18 45 70 21 53
76 43 43 16 17 40 45 25 22 58 51 9 72 60 81
33 32 73 79 50 85 8 20 2 17 33 52 85 56 4
45 9 79 57 19 80 26 62 76 30 47 86 86 90 32
91 64 65 1 58 36 70 99 25 90 74 68 37 39 14
12 54 13 4 83 32 72 60 20 81 75 94 26 90 6
26 52 26 66 73 4 56 31 33 67 48 90 98 20 31
35 47 50 73 1 98 45 67 43 52 41 30 95 17 7
84 87 12 45 42 71 72 43 96 74 11 61 23 7 66
80 81 55 66 52 80 6 39 55 35 22 49 8 15 8
21 76 88 94 63 97 78 83 37 80 83 45 77 4 28
41 80 65 34 14 89 90 80 24 37 74 26 78 77 44
64 70 49 72 8 83 83 86 18 66 36 39 4 82 4
57 88 25 7 75 51 92 0 1 14 55 55 95 8 93
59 28 13 7 93 36 23 30 52 8 3 15 83 29 56
86 80 38 23 80 74 7 63 24 3 84 31 37 29 32
15 43 89 77 4 25 39 76 12 82 41 43 66 48 21
99 91 53 62 65 8 83 71 82 53 12 98 20 88 96
11 34 64 89 53 49 21 49 44 67 93 33 55 37 93
19 27 8 98 37 45 16 70 69 97 4 68 67 88 22
2
Transpose A
Transpose B
30 17
81 38 61 96 27 99 13 8 69 42 28 0 31 55 26 2 56
18 39 45 74 99 6 46 7 13 52 12 88 72 84 99 89 43
42 57 85 64 3 83 87 29 72 84 73 76 0 5 90 51 27
75 79 42 89 27 12 55 5 22 2 55 42 31 19 28 87 39
58 45 14 78 4 54 41 50 83 93 55 56 23 85 9 80 5
83 11 80 81 8 95 98 1 20 96 61 27 82 64 78 2 82
7 94 12 88 99 88 20 66 87 2 10 10 83 25 94 51 81
42 95 27 12 42 87 92 33 81 46 13 51 49 82 25 9 67
8 44 77 79 63 25 60 70 33 81 92 46 65 63 53 72 83
71 84 45 45 62 24 19 71 73 78 66 98 22 47 72 57 29
95 22 22 90 25 17 48 10 23 12 11 79 20 22 47 14 64
76 19 68 7 49 65 8 0 98 38 38 12 62 90 25 17 83
73 22 58 92 64 72 45 6 9 78 38 36 23 98 40 94 3
9 89 17 4 32 88 15 52 92 37 29 18 96 19 75 10 91
27 29 37 45 63 29 60 62 72 74 58 94 80 89 66 76 74
1 33 29 51 62 60 25 12 86 76 20 97 55 36 74 86 63
98 74 99 39 55 82 69 59 18 99 90 44 93 12 18 81 52
75 75 47 71 89 17 84 89 43 90 54 63 75 87 76 96 53
99 2 65 93 58 48 13 52 3 25 61 96 4 52 32 88 0
66 44 60 83 40 70 59 29 27 55 75 23 57 80 43 66 80
52 33 68 37 58 82 90 94 30 52 52 49 46 5 8 48 57
86 74 5 30 21 12 28 77 0 94 0 90 7 18 36 12 20
77 76 50 70 4 48 70 82 42 4 35 78 46 22 15 42 1
42 28 66 8 13 84 19 0 19 86 69 65 64 40 86 86 22
73 49 37 84 98 28 69 21 90 3 65 14 73 27 54 45 31
74 80 65 28 66 52 88 97 7 21 52 15 28 14 12 30 18
9 83 56 52 24 87 68 67 97 68 91 80 62 69 15 49 36
45 90 87 20 9 90 61 31 60 21 84 22 59 97 87 84 32
6 50 94 94 25 21 43 88 9 16 79 90 77 25 4 72 40
8 92 6 75 71 32 31 81 38 59 76 2 45 5 54 48 82
21 12
94 1 79 86 95 11 49 93 94 95 79 94
34 17 19 37 71 40 25 41 33 20 23 46
37 25 32 54 59 78 65 32 17 5 96 71
79 2 44 5 64 91 16 68 20 38 48 83
87 50 26 23 19 52 72 91 24 91 65 68
63 26 99 93 16 54 1 25 26 69 90 93
76 38 9 53 55 25 63 0 42 21 53 34
88 10 63 59 71 75 20 74 79 26 43 77
7 70 15 14 62 16 19 88 29 12 23 61
4 76 69 63 72 77 65 88 4 34 79 44
56 25 41 64 49 49 61 45 96 6 19 17
34 7 6 76 50 91 6 36 5 5 26 62
40 95 31 60 80 61 16 71 58 78 1 25
62 79 38 71 32 26 33 54 49 62 94 89
20 66 64 14 94 59 59 26 53 51 79 77
84 76 77 55 54 34 32 61 40 94 45 24
89 8 36 33 45 81 46 19 40 73 46 0
55 78 88 65 3 83 72 23 72 0 79 75
41 58 83 32 50 85 41 75 68 72 97 27
83 82 20 57 17 58 66 78 99 65 87 46
30 84 1 82 43 96 0 79 85 99 94 27
1
Transpose B
27 11
38 71 71 78 78 63 67 60 46 40 58
89 70 87 18 20 15 99 23 98 38 9
89 38 8 55 18 75 0 12 21 8 22
90 5 69 3 51 58 25 79 42 19 14
95 82 7 72 67 66 70 75 3 56 97
66 96 63 7 87 16 94 11 56 60 47
38 58 59 8 63 34 30 83 65 45 2
42 37 1 90 34 5 7 30 38 11 76
15 81 92 4 90 60 37 75 54 16 74
6 66 33 49 75 43 16 58 11 67 72
11 41 90 52 72 97 24 1 39 91 87
90 40 56 16 13 63 22 51 85 90 92
99 3 86 18 95 73 37 60 89 63 89
16 80 27 16 1 15 49 72 10 7 16
67 93 73 41 24 0 36 78 78 12 20
62 82 32 53 26 41 87 93 19 4 83
19 14 92 86 56 96 74 80 67 45 25
71 95 98 8 59 39 8 14 2 26 36
40 18 76 66 66 90 71 99 1 97 92
25 96 16 34 42 11 95 17 71 18 68
69 16 59 31 75 47 54 77 27 78 49
71 25 6 31 39 35 88 4 1 7 70
24 52 9 80 93 23 43 64 35 23 50
35 6 80 0 30 50 6 51 25 86 65
11 18 88 81 98 0 9 51 19 13 47
92 80 20 52 46 73 60 19 99 17 68
15 82 4 78 98 4 66 97 59 63 62
8 13
84 40 67 91 90 96 47 79 68 28 26 76 41
34 43 5 81 49 73 31 79 66 33 18 45 7
54 36 7 60 54 10 79 98 2 87 11 75 8
6 3 43 16 64 75 25 79 64 82 58 47 44
99 64 72 52 0 89 52 98 2 54 13 18 75
50 21 65 77 48 61 92 81 46 6 98 4 96
33 83 14 68 89 8 52 58 42 56 18 83 74
59 31 88 86 15 78 67 92 91 64 3 57 18
1
Transpose A
17 24
47 6 20 52 97 30 19 2 64 7 10 96 74 31 32 23 2 66 74 24 39 27 30 29
16 9 97 18 94 33 22 53 96 19 54 27 86 36 24 31 46 20 74 74 4 77 49 0
7 69 19 56 96 66 64 57 89 2 20 28 6 55 11 90 88 5 25 63 3 72 36 62
8 83 63 98 59 89 72 19 27 64 41 26 84 85 52 25 55 54 7 96 37 17 71 75
86 26 61 19 66 21 11 29 40 22 92 97 43 93 4 51 51 83 70 33 9 34 82 71
35 56 29 77 28 51 61 97 58 27 10 12 27 51 46 29 81 84 59 99 72 74 46 73
43 16 98 33 91 43 58 49 35 88 98 64 70 32 34 37 50 63 50 1 62 85 65 6
19 49 95 98 84 27 21 28 77 0 53 90 14 52 49 70 10 91 82 22 90 95 13 95
80 60 39 99 82 98 25 53 27 70 39 46 94 34 5 11 0 41 14 53 2 74 62 65
62 67 41 47 54 73 97 38 67 90 82 15 75 34 58 41 13 28 37 75 57 70 0 76
14 58 34 54 23 73 39 82 51 1 91 42 5 62 86 66 75 81 22 14 69 57 19 71
99 25 69 39 65 26 20 72 90 42 0 38 11 79 74 97 39 12 87 31 17 10 36 16
89 42 59 4 18 18 80 54 30 89 97 87 70 62 6 3 99 60 14 8 20 16 67 56
58 26 40 85 78 34 37 84 11 23 97 54 21 54 34 16 97 18 39 52 23 85 70 16
79 64 97 4 1 61 87 46 0 73 52 80 97 56 11 67 84 91 8 25 54 5 29 24
98 35 69 74 50 50 56 5 17 38 22 2 0 28 76 78 36 16 76 81 39 72 49 40
39 37 29 40 40 62 29 39 12 76 45 44 43 87 35 49 57 65 68 41 87 79 66 9
27 24
56 94 8 46 79 35 54 52 71 9 78 67 35 38 96 98 6 2 53 72 82 54 16 74
43 18 2 72 8 53 28 82 35 1 97 61 89 75 25 50 35 62 97 32 43 64 2 17
64 39 87 81 81 15 87 32 71 80 87 34 57 27 42 90 29 81 80 91 39 40 58 24
67 41 25 63 50 7 61 17 41 32 45 27 53 38 84 18 82 86 8 54 82 96 95 71
89 54 47 69 37 53 75 78 39 87 85 44 95 21 88 77 43 37 55 43 12 26 77 0
69 88 32 74 9 87 1 20 2 64 28 98 82 8 75 33 24 64 8 10 56 12 82 20
32 30 26 11 87 69 88 78 12 53 88 1 94 87 49 31 59 55 3 82 46 83 11 43
0 18 73 58 59 37 40 5 52 46 20 49 71 16 30 75 41 75 72 79 97 5 74 68
49 66 42 88 84 78 96 48 70 54 75 83 26 27 85 68 88 38 55 39 91 85 73 39
20 23 81 96 87 50 54 47 73 60 66 21 66 83 31 42 12 44 25 44 28 27 28 65
43 62 27 65 98 85 33 84 59 3 63 3 66 48 31 60 86 67 35 37 33 63 53 73
50 55 57 49 85 70 54 58 43 94 61 84 92 65 89 47 47 55 5 69 20 67 56 14
66 65 56 69 81 76 17 63 55 3 84 72 71 75 27 14 64 60 84 23 69 1 25 74
16 70 34 56 98 78 66 95 3 71 28 90 68 10 99 58 67 39 56 86 56 65 26 36
91 2 28 93 82 88 89 28 25 32 49 16 7 40 72 61 19 71 96 87 47 51 21 98
41 47 60 29 70 11 4 16 93 62 52 37 46 72 90 27 70 84 79 20 47 9 91 57
9 68 44 77 22 68 6 17 22 78 37 93 93 8 75 14 30 95 92 99 52 1 11 0
21 24 60 8 56 66 84 59 5 52 6 29 32 33 56 63 45 6 22 35 65 66 15 60
82 3 37 18 15 3 48 75 82 20 47 63 87 81 30 35 72 5 0 29 59 55 53 47
56 5 18 14 28 34 7 86 3 1 28 44 40 86 76 89 76 55 38 12 11 92 24 42
24 18 95 56 59 48 89 12 57 56 86 57 90 44 91 75 0 98 81 88 22 68 41 19
57 93 35 53 44 18 1 35 61 46 94 93 20 21 16 37 87 80 64 45 10 83 51 45
37 12 40 86 65 25 73 46 44 70 23 4 94 87 74 17 45 80 50 55 44 89 29 51
13 86 9 26 17 86 28 45 67 4 49 98 22 73 29 39 85 17 77 78 43 0 14 98
82 43 98 49 56 16 61 88 56 57 70 54 44 62 47 94 84 43 55 23 72 66 54 63
37 98 90 85 43 7 45 88 49 20 24 52 37 78 19 55 40 56 77 52 95 35 82 25
2 89 26 44 10 23 77 16 82 77 34 58 46 24 60 14 25 99 47 23 79 53 31 30
2
Transpose B
Transpose A
6 12
5 10 1 71 85 22 87 60 17 35 99 54
58 77 62 67 52 33 30 67 37 27 85 97
75 96 42 91 3 57 55 57 96 2 80 71
85 49 42 30 89 84 61 94 72 0 40 98
31 32 7 91 78 40 33 10 1 73 37 16
92 59 45 94 65 47 36 79 57 21 35 57
21 19
23 67 44 22 64 25 71 23 91 40 39 75 49 35 1 14 54 86 10
30 33 95 80 64 7 64 35 13 57 94 40 19 70 17 22 46 77 56
11 73 40 88 68 34 29 62 26 41 36 54 45 16 97 33 62 54 14
96 24 58 20 30 13 47 95 1 92 80 32 52 87 72 15 51 21 60
26 32 79 35 81 66 98 38 70 68 60 70 14 87 28 12 32 41 76
84 99 20 53 19 87 2 63 25 76 87 71 26 9 21 10 82 39 46
34 73 77 54 33 99 32 77 63 57 37 51 27 69 57 46 2 42 18
17 34 42 35 1 16 19 77 1 26 54 80 49 91 79 23 66 89 82
78 28 85 52 61 88 77 50 89 72 64 34 30 55 40 71 2 27 89
2 46 85 78 84 20 79 66 84 72 83 62 19 56 78 61 55 67 0
4 19 48 97 37 42 90 67 7 74 58 48 85 88 66 13 96 61 82
31 30 98 32 94 12 3 0 10 56 65 25 92 46 71 45 30 75 49
83 67 16 12 57 24 22 55 60 51 26 59 72 61 65 52 86 36 60
69 40 55 58 97 26 97 4 93 85 24 80 75 99 29 89 65 50 62
20 78 87 18 7 80 87 80 28 63 32 53 36 77 83 17 23 71 95
60 79 70 38 26 33 4 35 11 10 73 30 99 10 80 31 41 70 27
43 71 37 19 55 78 61 15 28 19 40 38 56 58 34 25 30 65 46
36 38 98 62 5 10 16 64 22 21 31 55 8 32 32 88 0 21 41
50 29 0 84 27 19 99 39 76 78 62 52 30 62 53 76 97 46 17
75 52 6 63 89 64 51 99 46 87 9 4 8 38 75 14 28 52 82
89 86 68 31 53 14 3 65 14 28 24 20 24 78 25 12 10 29 28
2
Transpose B
Transpose A
13 8
2 58 88 75 30 88 8 63
80 7 52 11 48 47 57 29
27 91 61 19 48 48 34 12
80 91 74 29 68 23 55 16
55 9 74 17 25 13 59 62
48 4 15 83 83 8 27 9
12 43 98 90 40 14 35 26
4 55 42 45 58 58 86 96
2 64 38 57 32 5 70 3
49 20 14 1 90 38 43 47
58 67 47 68 37 34 11 86
89 17 84 6 7 25 66 89
94 8 78 49 91 37 24 66
11 12
73 69 48 2 35 47 41 96 0 38 4 42
41 85 16 73 8 77 6 31 9 1 10 46
37 92 63 66 8 42 38 13 93 72 62 9
60 21 12 99 69 66 94 63 68 90 36 42
21 95 36 5 40 17 96 37 3 54 80 71
79 59 85 42 6 45 25 72 30 61 48 29
59 72 85 78 29 26 65 34 75 52 64 90
76 54 76 55 55 46 9 9 31 16 29 79
90 24 41 52 14 33 16 55 18 84 22 86
37 70 5 33 27 21 13 69 26 61 3 42
5 5 26 28 97 27 94 81 90 0 76 17
2
Transpose B
Transpose A
20 20
41 60 99 30 88 81 31 2 4 7 98 46 90 29 23 23 7 26 54 75
32 93 14 69 33 15 77 21 29 54 4 55 83 83 80 26 4 39 11 19
9 43 31 99 78 99 62 6 8 10 44 16 52 40 41 91 48 81 61 25
26 53 16 35 78 94 48 54 47 93 31 31 46 6 28 18 98 6 47 95
13 24 8 73 65 16 48 30 64 82 75 57 38 13 55 37 28 53 77 21
41 5 28 66 58 36 8 36 93 19 25 43 67 60 56 39 42 74 63 91
76 81 98 35 37 66 92 46 45 87 41 88 11 12 85 36 98 20 42 57
99 68 10 72 43 80 62 64 29 17 7 64 62 86 38 91 27 69 21 66
17 87 64 60 54 53 57 24 10 68 33 31 54 59 32 49 63 77 73 17
75 83 75 74 36 79 75 19 8 83 79 51 88 14 3 15 39 24 5 94
47 3 32 58 20 5 14 79 43 44 53 69 99 72 42 61 24 81 34 36
71 66 74 60 63 44 45 48 30 60 75 31 8 86 67 21 43 91 70 21
61 80 48 5 71 81 94 73 67 31 86 75 11 1 56 41 42 30 41 41
33 39 83 7 3 61 1 34 31 62 29 37 55 15 73 58 26 76 82 99
41 93 62 3 74 45 99 33 79 94 53 65 68 14 37 62 42 24 22 24
57 29 88 56 41 66 35 67 97 83 8 12 15 94 6 58 18 2 12 7
63 39 37 1 72 63 81 24 47 20 47 34 89 12 82 73 57 7 62 64
78 6 25 51 26 79 41 20 11 19 83 12 27 89 42 85 16 76 61 43
92 65 58 52 48 95 88 67 36 79 81 85 6 70 71 20 77 94 72 97
43 16 35 65 77 57 39 84 59 55 21 55 68 88 59 63 79 17 46 43
28 7
1 12 98 0 76 88 26
9 65 97 2 45 71 30
13 53 55 28 75 90 16
48 21 70 67 8 65 28
66 83 14 3 80 77 18
80 76 55 89 50 35 89
81 8 83 91 3 67 16
79 49 44 59 1 80 85
2 23 4 89 52 98 35
40 58 67 86 74 45 65
90 90 52 73 77 84 94
20 59 58 38 18 16 85
41 40 42 21 43 36 59
98 0 30 44 58 42 94
49 24 58 50 15 92 5
37 74 15 57 53 75 17
56 44 15 17 41 75 75
90 79 98 20 67 68 96
88 15 56 20 50 1 41
57 64 60 31 61 91 4
13 91 67 86 17 45 21
13 40 31 84 77 9 79
72 50 16 75 80 93 67
7 41 60 5 29 34 90
70 56 32 59 48 74 85
86 64 2 24 34 16 4
57 57 55 66 4 48 34
41 68 91 21 95 25 27
1
Transpose A
8 14
54 51 95 79 52 76 43 38 29 75 72 39 34 32
3 80 41 32 98 28 39 47 21 4 18 10 25 94
62 58 25 99 66 17 43 42 25 31 35 77 88 41
80 37 0 93 61 27 6 1 48 15 44 78 17 59
44 35 92 72 67 50 35 48 49 64 83 11 85 54
16 35 49 40 54 85 3 9 55 61 1 59 92 36
44 54 28 47 48 1 11 43 27 92 19 10 3 19
73 17 44 5 34 35 38 11 52 9 95 42 38 91
12 5
18 22 38 20 88
89 88 86 34 68
22 30 4 69 63
4 22 90 32 76
86 56 23 45 58
64 96 57 6 82
29 90 72 40 44
48 12 61 12 36
34 69 89 33 68
90 88 98 83 60
56 7 31 78 33
47 16 61 21 4
1
Transpose A
24 15
1 43 63 56 97 21 99 41 11 7 48 7 73 21 75
2 57 88 16 41 85 20 81 5 46 80 63 82 58 42
55 82 38 80 49 38 37 82 9 87 56 47 19 68 6
95 44 20 34 26 12 50 57 59 59 67 77 26 8 59
70 29 89 5 47 21 14 45 70 51 18 58 21 11 4
91 66 94 59 15 64 56 62 3 91 13 94 36 25 76
83 22 91 71 16 15 42 80 36 2 48 62 19 69 19
59 5 69 18 28 16 75 18 65 37 68 22 52 98 83
59 60 93 52 32 75 57 54 36 7 57 72 32 66 33
26 90 23 62 90 42 47 56 96 1 42 33 93 41 53
3 67 74 35 55 7 30 71 83 3 45 98 25 22 12
93 22 93 37 0 29 88 84 79 12 17 24 51 73 38
74 15 41 50 94 40 41 44 59 1 32 77 21 34 74
19 50 25 36 72 85 66 86 24 31 90 80 88 91 33
50 31 89 1 43 53 91 76 43 49 72 44 33 60 1
43 23 46 56 96 72 15 65 24 64 81 16 58 16 64
18 22 89 47 32 1 71 19 36 13 72 8 61 61 74
56 90 84 0 50 74 23 68 59 30 67 6 89 41 92
59 18 74 4 33 20 80 22 65 16 71 17 73 88 48
64 81 67 64 60 89 8 12 58 14 84 87 73 44 80
26 59 75 83 52 83 56 71 29 2 29 59 7 8 66
52 1 15 29 99 1 52 12 23 78 59 99 1 58 23
8 61 93 45 31 18 52 85 98 66 94 49 27 56 49
37 22 0 67 44 76 87 34 85 20 46 55 0 70 57
20 17
65 42 54 15 59 35 91 99 9 79 29 98 49 7 12 80 40
95 50 30 41 95 21 52 29 10 24 13 97 94 27 77 43 69
23 24 67 25 35 36 25 26 38 91 82 46 83 69 39 42 16
22 52 0 88 79 94 17 44 21 44 45 35 16 73 47 20 24
36 56 8 15 41 55 42 37 74 74 58 44 17 59 90 59 78
69 38 18 4 74 78 18 72 26 67 50 45 43 20 76 38 66
95 59 31 60 25 49 12 79 79 62 77 34 11 58 85 18 98
17 56 83 9 27 62 81 65 83 41 88 0 71 97 80 8 25
12 26 99 41 18 92 39 83 9 60 83 37 88 8 27 70 50
71 28 84 91 49 37 81 49 48 95 49 19 16 18 18 92 75
92 41 6 77 37 70 56 72 90 1 44 20 91 2 92 0 78
12 57 23 66 35 96 15 76 59 39 17 96 31 34 41 61 15
70 46 52 11 20 99 46 56 63 50 83 66 27 2 37 14 24
21 55 42 8 24 63 24 2 11 83 13 50 71 27 31 83 99
49 68 75 42 53 46 47 29 46 79 87 44 12 90 85 88 88
20 99 96 45 50 59 93 93 58 13 47 40 36 37 86 8 46
25 85 7 19 55 68 40 69 74 10 66 86 68 28 25 37 80
7 47 46 96 35 28 24 8 35 64 63 96 99 70 92 71 19
6 8 90 32 23 56 67 16 67 58 46 52 13 75 92 79 5
78 89 18 28 71 87 58 89 67 81 88 24 18 11 2 98 54
1
Transpose A
19 18
64 70 89 54 30 13 71 99 72 41 72 89 44 28 72 98 71 76
77 95 3 48 65 35 51 35 89 51 61 14 50 5 84 11 29 19
47 38 31 61 51 63 46 49 28 87 66 18 92 76 64 25 14 91
19 71 42 33 33 81 30 44 55 25 58 41 58 42 21 78 76 33
50 29 99 55 64 14 93 8 46 17 75 30 93 35 3 43 78 23
19 4 61 25 80 55 74 58 49 87 9 64 34 52 63 31 63 58
7 95 73 66 54 45 82 27 78 75 84 19 43 84 81 81 40 91
14 11 46 96 96 61 9 15 18 38 76 44 86 60 57 99 4 89
0 60 97 39 18 54 92 84 58 36 58 74 82 68 72 31 18 40
91 14 25 45 14 40 97 25 37 98 56 70 87 4 94 94 12 53
94 42 72 42 83 7 52 95 87 24 74 65 85 71 11 71 56 0
89 2 15 43 26 48 12 43 63 12 55 21 49 17 78 28 47 51
28 16 22 71 29 47 49 84 47 39 47 81 14 19 27 58 76 24
64 65 39 87 81 63 31 88 50 50 7 44 26 73 5 92 98 48
58 50 65 19 82 52 42 92 63 16 91 44 94 30 32 36 36 67
92 57 30 71 77 83 87 14 24 57 87 4 13 2 43 0 83 18
43 1 62 60 84 91 8 49 79 57 85 67 77 39 63 66 83 59
51 24 21 26 7 45 8 33 77 92 23 71 39 38 87 98 96 66
65 67 78 74 94 64 79 89 39 64 21 82 32 57 6 45 63 25
14 14
68 99 82 53 54 31 96 22 41 52 21 49 69 78
17 47 13 31 36 19 22 91 43 51 17 94 46 20
72 0 92 42 27 59 39 45 87 74 25 1 9 88
81 48 92 23 15 98 94 59 39 79 47 79 28 20
23 84 50 11 83 64 18 37 49 23 2 40 30 50
75 75 18 90 26 95 31 87 63 66 60 65 12 86
20 62 49 96 44 54 96 79 9 95 12 73 98 49
77 77 13 98 70 82 89 2 67 43 0 47 83 7
15 93 86 98 59 55 96 25 62 70 42 69 15 26
51 11 4 91 69 90 32 43 79 8 82 84 18 63
84 22 31 44 68 17 4 33 90 16 42 12 2 41
71 55 42 77 6 38 68 47 30 28 62 91 20 96
36 43 64 40 82 45 39 60 90 58 17 50 22 4
13 92 26 17 25 90 13 0 35 7 79 47 25 85
2
Transpose B
Transpose A
21 5
96 76 72 78 0
1 27 27 46 47
61 89 16 47 10
68 96 70 35 19
15 65 49 25 68
5 73 81 87 90
72 90 28 31 5
49 11 80 92 30
83 67 22 18 71
73 44 72 64 28
8 10 98 67 79
27 82 38 33 37
23 48 86 44 80
8 46 99 99 3
72 8 40 49 46
70 19 74 33 29
92 58 40 9 54
34 80 95 45 21
17 95 70 14 13
63 39 15 71 61
15 1 53 27 83
1 21
94 75 6 64 70 72 93 35 95 90 73 88 49 92 33 26 6 45 49 67 12
2
MUL B A
Transpose A
23 12
46 33 74 74 44 21 71 44 55 70 35 92
73 17 37 90 78 60 73 7 33 19 29 52
38 18 82 73 15 1 2 40 63 87 8 88
6 69 22 44 33 91 35 11 76 70 70 25
38 64 97 72 13 91 80 44 69 45 95 24
0 84 88 90 64 61 44 69 4 11 70 40
86 35 92 19 27 5 54 63 2 72 80 16
51 60 70 43 92 32 23 3 66 36 61 91
10 91 59 2 55 10 52 65 67 30 65 82
92 20 84 20 15 20 56 92 78 95 31 61
57 1 19 89 91 46 61 66 97 43 20 17
69 75 30 98 18 60 29 86 16 24 98 33
50 22 17 63 15 76 10 75 56 62 29 99
98 65 84 18 64 81 44 13 78 75 10 82
9 14 67 39 74 25 28 59 73 94 25 99
66 68 58 5 29 25 51 45 65 60 96 85
31 63 76 6 86 72 90 66 7 59 80 10
62 43 80 94 48 12 59 83 29 17 39 18
94 37 0 38 77 91 67 34 60 55 96 8
43 75 32 67 68 39 27 82 96 53 35 22
56 93 82 56 34 71 60 56 97 46 15 4
94 12 45 60 39 75 50 26 51 30 56 66
50 98 83 32 52 45 76 88 45 98 37 72
7 20
9 21 37 91 97 81 81 26 45 97 41 32 93 62 6 88 86 22 65 21
62 31 28 41 19 16 46 96 0 65 64 95 66 81 71 2 67 70 79 14
49 97 43 43 20 65 35 92 51 11 89 9 25 56 63 27 83 88 18 26
48 62 39 3 17 73 63 82 25 72 59 4 60 11 64 1 53 64 16 84
51 91 59 92 65 15 39 94 32 39 5 91 74 66 52 33 14 58 47 61
85 40 43 70 37 91 98 37 42 12 67 57 99 73 0 9 33 95 28 23
94 77 83 98 72 73 92 40 9 73 47 64 43 9 47 74 39 69 16 39
2
Transpose A
Transpose B
11 28
43 79 4 74 89 22 47 57 18 23 69 87 44 9 63 89 74 4 32 31 45 10 81 13 81 64 20 26
80 40 34 3 40 20 57 18 16 26 87 93 71 56 57 55 68 2 78 8 67 81 79 7 97 87 86 69
50 71 86 97 20 28 80 7 95 40 34 93 56 9 90 0 91 98 63 85 70 56 97 99 76 83 87 36
75 83 20 27 62 94 91 73 92 64 69 60 15 52 94 90 7 25 71 11 88 56 20 41 49 87 98 98
2 30 99 63 86 21 60 57 23 66 93 66 25 67 32 22 94 11 0 54 44 51 23 95 1 59 3 92
98 97 24 77 94 31 51 18 89 11 86 34 0 71 97 59 82 95 0 3 72 87 32 19 95 3 96 80
87 4 79 32 19 67 89 50 82 17 50 5 38 34 19 27 75 67 70 90 40 6 75 26 30 65 20 65
55 75 99 2 54 42 68 15 65 78 9 99 30 6 67 23 51 36 89 4 39 23 61 44 90 42 31 21
9 65 10 99 17 0 30 75 99 80 40 16 99 58 66 27 13 86 69 13 6 63 23 73 94 94 65 85
65 34 29 37 48 99 50 60 24 46 27 87 91 15 34 24 84 53 91 40 27 32 62 22 63 7 62 37
96 5 2 2 89 40 69 86 53 35 2 54 60 24 43 26 61 85 2 50 0 20 70 50 11 35 73 3
17 28
3 84 3 80 10 76 20 90 55 0 58 10 89 4 78 9 52 34 57 28 31 50 73 68 78 51 80 99
9 68 42 30 7 41 59 79 98 62 30 43 25 19 10 68 96 19 5 55 3 23 93 43 57 0 51 77
68 20 51 20 44 73 52 42 43 77 55 37 32 18 60 86 58 78 64 58 31 27 10 35 53 80 78 40
7 81 34 89 25 47 45 8 24 70 78 16 90 97 40 40 25 96 35 21 59 65 33 52 36 82 33 33
57 48 19 23 57 55 52 41 24 0 68 30 72 94 60 60 82 91 28 50 95 61 85 5 57 33 74 65
28 41 64 33 95 63 3 84 13 74 41 36 98 17 3 49 80 59 3 27 77 34 64 6 49 33 74 52
6 86 88 49 20 92 5 99 4 20 30 71 60 93 34 3 3 44 72 81 89 39 4 69 57 13 13 64
95 54 59 54 10 86 37 3 56 2 59 82 37 62 61 88 38 93 80 85 5 14 14 71 91 85 98 97
40 80 78 55 76 85 67 35 76 84 91 19 85 90 38 54 41 95 99 15 35 40 86 56 96 39 0 99
62 60 35 80 31 28 38 72 33 17 3 24 90 81 5 46 47 26 6 62 70 25 89 57 13 63 90 52
30 29 66 5 13 97 82 63 90 96 11 77 87 20 83 58 16 10 9 81 94 54 36 10 15 27 50 18
57 63 47 41 89 42 68 48 73 89 42 13 28 91 53 36 53 6 85 7 27 47 33 86 32 44 1 68
61 31 23 94 46 37 55 7 72 54 70 79 88 0 7 85 26 45 61 83 75 24 35 23 49 40 53 30
83 63 81 2 70 39 51 98 53 41 93 64 7 52 55 49 58 0 35 19 79 88 26 99 85 78 8 15
47 70 63 52 83 75 9 29 90 62 84 10 66 63 93 93 89 55 51 34 83 29 44 58 69 54 88 26
91 68 66 54 16 33 70 54 96 66 24 4 85 85 3 43 40 32 31 8 49 65 0 92 48 80 44 92
57 4 32 0 85 60 5 91 15 51 19 19 55 90 63 21 94 59 76 46 64 47 47 40 36 30 35 39
1
Transpose A
24 9
2 13 80 75 43 17 14 2 34
48 30 45 73 47 13 15 33 24
66 33 88 53 35 47 91 55 13
88 4 85 23 85 41 95 73 11
24 29 72 79 95 30 20 73 49
82 4 99 70 84 31 20 77 80
6 79 40 10 65 34 93 9 30
79 56 26 26 82 48 37 40 74
31 30 71 82 91 34 24 44 80
12 51 49 5 88 43 99 51 19
97 26 50 24 62 10 11 68 79
90 26 85 81 89 46 8 15 95
97 31 87 51 99 64 0 4 49
64 70 67 71 20 78 3 69 97
81 66 38 29 87 11 65 7 29
63 58 58 39 24 76 51 44 13
90 95 27 61 20 29 50 20 37
79 62 1 3 30 28 51 80 45
78 20 69 97 61 36 80 74 78
70 77 80 89 47 44 99 87 76
27 76 22 95 7 18 41 18 67
86 86 87 57 91 41 28 74 12
98 29 8 43 28 48 60 90 95
61 7 91 80 86 69 33 71 74
2 25
23 68 28 94 62 27 81 42 54 16 34 55 2 98 33 53 47 59 91 30 80 51 71 44 32
93 31 38 60 52 12 57 91 47 57 31 24 86 98 80 37 1 24 15 41 38 81 46 60 66
1
Transpose A
30 18
59 66 87 46 67 17 5 55 94 65 15 22 99 61 30 41 97 45
41 44 54 32 58 23 32 24 20 84 18 93 55 95 18 52 37 74
79 90 93 13 24 52 97 16 42 35 42 41 8 77 70 32 6 91
77 68 74 96 44 0 53 0 21 0 54 48 62 36 4 67 69 54
39 14 81 5 43 18 71 99 24 88 60 99 26 70 79 38 41 71
55 85 9 96 60 8 82 5 11 27 83 71 59 52 51 5 40 34
77 17 47 92 92 91 55 82 79 11 82 96 79 1 87 29 97 4
94 28 66 46 93 82 36 60 43 24 34 40 64 35 75 33 33 26
92 8 63 58 80 26 59 70 97 65 51 99 71 7 46 17 17 17
6 53 29 71 87 56 57 14 19 95 31 76 97 46 2 77 34 81
23 90 38 40 63 67 62 69 91 29 78 35 28 58 82 15 71 78
11 45 43 64 23 36 17 13 10 54 89 91 73 53 34 72 26 37
27 43 69 65 9 44 50 44 20 3 61 97 26 81 76 70 53 41
54 29 43 34 62 69 24 52 81 17 54 83 67 87 66 12 35 38
83 9 95 14 24 96 88 34 65 21 98 90 98 18 78 32 23 49
10 2 23 61 5 73 46 53 11 62 55 33 16 66 9 16 33 69
83 47 40 51 24 16 87 63 70 16 0 49 81 5 46 53 11 27
34 22 23 30 18 68 67 3 90 76 93 78 3 45 77 95 69 66
9 25 12 91 0 61 50 16 70 31 92 46 16 98 4 33 7 6
85 47 90 68 87 92 27 34 17 88 82 15 77 23 4 36 86 94
46 56 81 14 28 8 23 74 78 26 34 35 10 67 99 19 78 70
66 12 10 80 45 62 40 31 17 41 22 78 86 4 99 94 3 8
47 64 6 80 95 50 88 36 37 70 9 33 20 5 2 4 79 28
24 89 70 72 11 3 69 60 85 83 20 78 35 2 77 90 78 60
85 2 61 65 19 41 29 52 34 23 3 32 77 87 86 17 88 37
3 51 40 35 20 74 95 80 85 30 48 86 34 86 78 49 89 40
67 6 65 66 97 37 52 4 34 67 20 8 66 98 29 26 36 83
80 69 23 15 55 66 21 33 51 61 31 48 83 61 59 31 66 18
82 68 76 45 85 13 52 49 7 18 17 17 7 31 17 4 21 51
67 62 62 82 32 95 68 31 92 27 37 11 2 67 36 9 35 98
13 25
2 65 54 99 48 1 9 43 23 87 91 81 63 31 24 8 42 76 74 8 47 18 88 77 44
58 59 71 73 19 42 45 61 32 75 46 87 66 9 57 65 2 26 15 36 32 83 17 61 97
69 56 46 47 77 62 79 34 75 92 98 37 0 59 25 7 0 2 38 37 57 79 45 62 7
3 24 39 64 40 1 28 15 83 83 39 32 34 78 2 81 36 52 20 76 77 61 91 30 13
9 76 27 48 47 97 85 19 18 52 74 99 95 56 69 0 54 80 58 65 18 94 86 2 85
18 85 99 71 57 94 2 1 21 49 4 0 20 23 36 49 13 69 50 32 83 13 84 0 30
74 89 48 19 72 75 50 54 14 9 60 27 77 35 40 64 60 94 65 92 56 75 50 61 25
71 78 77 50 6 95 61 25 71 51 88 25 26 27 51 58 29 20 80 79 3 27 45 74 99
61 8 82 69 35 8 50 71 30 37 25 87 63 14 20 0 15 58 82 51 71 63 93 88 42
83 0 45 19 78 80 91 2 10 73 65 15 45 8 25 84 89 67 68 17 85 86 2 46 16
10 27 78 50 61 27 56 50 44 85 29 94 68 16 69 27 15 40 23 72 75 41 42 4 64
18 25 36 61 90 0 73 7 95 88 62 92 14 91 23 52 92 53 18 77 94 1 36 75 52
84 45 21 40 31 44 51 58 3 26 2 27 32 91 27 68 2 59 44 3 60 74 62 76 27
2
Transpose B
Transpose A
15 25
63 9 74 58 29 38 13 26 77 19 17 82 38 34 69 30 54 72 1 80 46 90 99 1 49
7 80 60 26 52 49 8 65 31 54 79 35 48 93 70 52 36 28 82 57 73 80 63 72 14
67 99 1 36 15 44 63 25 8 54 22 14 99 28 65 54 22 2 7 93 88 78 71 79 32
84 70 78 35 71 48 16 41 66 7 19 36 71 18 27 15 15 34 85 83 7 97 10 26 13
11 64 1 49 42 85 72 15 2 93 22 22 40 67 90 14 41 34 18 94 56 87 56 57 2
50 9 59 2 91 42 22 97 53 99 56 21 38 54 63 35 26 19 27 72 71 78 76 25 33
81 6 68 39 19 40 17 82 64 64 28 83 3 40 95 0 87 83 1 28 68 77 77 23 52
19 96 36 72 16 79 34 44 75 48 1 6 37 57 79 33 1 58 19 64 80 37 60 15 92
14 40 27 3 69 74 77 40 90 90 63 99 4 53 91 78 56 26 34 29 56 27 46 10 63
60 86 77 95 99 98 13 74 62 37 37 8 33 91 71 66 26 11 72 92 62 60 53 23 72
71 22 86 86 47 72 85 98 51 44 59 15 76 61 33 20 90 6 96 73 60 72 17 68 26
79 49 71 59 76 67 0 87 92 72 10 94 21 35 84 94 41 24 81 86 74 66 43 80 76
16 61 85 58 83 60 62 98 64 35 6 63 46 0 34 52 33 83 75 76 27 86 68 79 10
18 65 78 80 43 45 79 35 62 80 94 37 86 43 3 78 87 89 99 28 36 55 44 40 79
54 3 25 67 31 40 11 88 79 79 53 29 38 76 28 60 79 16 6 13 9 49 2 97 63
2 27
91 87 21 10 64 6 58 47 95 28 85 51 34 59 12 70 79 87 44 16 29 26 16 75 79 13 53
94 90 39 52 56 44 28 16 35 96 3 72 12 86 72 32 51 65 21 19 41 15 99 20 62 14 96
1
Transpose B
9 12
9 50 65 16 67 32 48 16 88 91 10 72
81 55 77 65 38 19 16 51 23 29 70 21
50 38 81 77 91 9 43 37 87 28 8 72
98 30 67 3 43 91 59 62 16 95 55 25
79 71 79 45 31 74 95 75 52 11 88 94
9 29 10 39 83 8 68 22 59 0 10 33
36 65 94 99 44 8 65 75 87 62 76 4
74 47 21 32 16 87 21 74 74 2 36 70
55 0 30 53 30 89 6 87 60 35 89 76
19 8
41 7 3 5 8 40 11 28
30 66 58 43 24 20 49 60
5 10 52 9 87 44 86 74
58 60 94 73 92 17 59 86
42 37 15 13 35 32 96 29
94 58 89 47 71 53 49 78
46 99 62 95 61 90 64 85
78 64 76 27 88 84 22 63
3 25 77 90 32 91 43 67
58 99 76 36 29 39 29 44
81 96 90 77 38 10 90 66
73 42 86 46 1 58 88 60
78 59 99 36 85 63 85 94
35 71 99 49 20 94 79 92
88 51 40 87 71 25 67 89
44 39 90 43 25 17 74 38
33 93 53 91 76 82 23 38
95 48 18 93 26 71 51 41
6 3 91 40 44 62 86 60
1
Transpose B
3 8
41 91 80 74 30 1 82 91
94 1 30 5 52 78 18 62
57 71 34 70 15 57 35 39
20 12
54 85 82 34 68 99 20 62 59 88 36 95
17 99 99 85 66 86 47 54 98 92 14 22
97 36 50 68 18 14 99 69 55 53 15 20
67 6 23 71 94 49 3 77 6 23 97 77
60 51 82 4 62 90 61 20 8 93 62 46
6 18 84 93 31 60 88 22 82 71 61 12
26 36 84 69 15 48 88 98 90 86 37 42
17 12 36 15 44 64 74 60 76 2 67 35
90 39 57 41 85 86 58 31 81 76 11 78
51 47 27 13 41 13 52 50 97 28 80 55
73 19 87 59 38 53 16 86 40 33 92 45
94 13 64 37 1 7 8 24 85 81 42 65
58 13 91 32 0 1 56 5 7 81 17 1
50 58 77 9 41 77 29 68 47 16 73 87
31 48 72 15 55 8 78 46 65 83 58 82
25 86 27 94 50 64 46 96 90 79 88 73
97 19 50 31 97 17 67 3 31 96 86 55
2 18 72 89 17 6 36 60 37 40 62 96
79 27 90 74 45 51 14 5 53 56 82 90
39 74 87 8 15 44 48 70 15 0 57 88
2
Transpose B
Transpose A
15 23
38 60 96 71 31 9 10 79 35 99 31 7 55 87 21 88 18 29 35 61 19 19 83
46 43 30 83 90 27 8 46 59 73 91 65 47 31 34 7 16 6 62 27 51 89 29
27 81 81 5 83 85 73 40 68 36 12 91 36 32 43 81 73 1 74 21 97 32 64
26 28 18 45 79 10 16 45 98 75 93 65 34 1 58 4 51 71 5 77 50 24 29
16 51 4 42 59 79 66 83 78 7 21 27 59 41 26 71 8 3 16 29 95 10 99
79 60 35 94 84 77 70 14 46 9 49 8 70 73 10 10 85 64 40 23 4 14 61
59 32 97 64 74 63 15 2 51 93 87 51 7 39 69 88 18 49 36 42 19 90 10
79 60 57 0 83 47 37 89 66 82 59 31 44 66 22 86 30 80 60 36 47 96 39
52 71 16 71 1 29 23 80 72 5 82 4 19 59 95 71 65 8 36 78 33 4 45
0 91 55 62 66 92 97 36 46 14 93 85 93 52 53 56 60 38 22 48 73 96 57
94 67 29 4 32 28 54 84 67 97 82 4 67 45 29 60 96 40 98 33 76 57 73
52 44 98 69 61 37 51 71 54 59 84 4 5 78 36 13 7 87 80 38 12 13 38
86 68 59 59 0 7 94 98 94 17 52 34 35 57 53 77 86 65 79 83 12 79 34
11 80 10 77 71 55 97 50 71 77 40 75 70 86 16 22 6 21 94 66 27 64 83
72 87 57 20 31 60 52 31 88 69 68 99 67 65 61 53 74 54 14 14 32 64 40
21 8
28 55 9 5 94 4 38 18
8 15 75 60 57 16 4 10
40 60 79 57 27 16 59 55
70 54 14 68 9 58 73 34
74 69 84 19 40 40 21 97
82 42 91 51 49 22 79 92
22 29 34 46 4 3 23 68
85 97 50 42 17 47 17 20
79 10 91 76 35 64 56 64
42 78 49 9 56 9 26 77
23 86 53 19 24 51 85 57
44 31 6 80 5 7 70 54
13 9 36 61 51 63 96 94
49 53 75 1 91 26 2 6
34 13 97 51 18 62 43 12
9 10 79 96 61 33 57 36
69 22 50 93 52 26 45 53
39 80 69 74 28 42 30 86
24 83 23 25 40 94 4 0
66 54 45 25 49 11 73 86
63 98 6 6 31 74 55 1
1
Transpose B
30 22
86 20 12 92 49 83 66 46 47 27 84 2 16 7 98 39 25 34 64 67 46 69
81 18 54 12 51 50 12 80 47 68 2 70 54 7 60 1 29 85 11 26 74 2
16 85 11 78 4 44 42 55 48 13 87 39 95 32 22 13 84 87 97 19 0 38
56 48 22 82 73 82 10 73 94 17 83 44 6 27 76 54 49 26 6 94 46 93
33 49 71 89 78 82 59 2 47 68 15 89 35 83 29 88 65 22 63 58 3 56
74 23 5 51 19 44 44 83 3 44 26 2 83 42 37 66 46 35 40 88 84 86
4 62 26 18 73 73 12 45 57 63 66 64 95 65 95 70 46 69 27 19 57 99
0 70 3 1 48 9 7 58 59 29 34 53 20 80 93 59 51 92 7 85 3 61
61 86 82 70 20 2 98 87 87 74 50 52 54 69 5 99 44 61 98 21 55 59
45 8 60 58 68 11 92 42 17 11 18 12 23 59 81 48 26 69 33 60 9 21
75 69 5 99 71 3 56 81 70 82 98 40 19 35 45 55 62 16 7 98 8 19
2 66 60 80 96 66 62 95 81 60 44 32 5 87 12 51 52 71 24 66 42 5
92 3 11 67 30 23 30 15 39 53 72 24 41 82 31 15 23 40 9 21 53 65
86 11 0 89 59 49 4 72 36 43 67 14 6 71 48 25 8 17 56 55 3 86
22 90 90 70 94 40 4 77 43 15 24 2 13 98 15 48 62 76 91 51 5 70
79 80 17 53 68 96 33 0 63 65 93 53 82 12 56 92 11 88 78 61 88 10
31 67 69 75 58 94 50 47 86 67 12 27 8 65 3 76 97 74 20 97 54 13
9 72 0 51 84 1 28 35 63 68 11 24 39 46 39 25 93 69 64 51 61 26
22 25 55 44 68 61 66 36 46 22 36 95 44 56 98 70 91 58 4 75 2 93
5 30 30 30 67 87 61 13 30 60 65 5 32 92 29 71 73 66 11 74 82 17
90 78 84 4 33 11 5 15 72 78 22 35 60 26 41 52 77 1 65 81 51 18
39 2 20 78 64 41 77 66 36 69 97 0 85 36 51 27 98 88 64 68 62 4
10 13 86 62 29 59 76 52 34 69 43 36 62 96 24 52 69 85 4 13 81 18
39 24 67 5 81 76 84 74 75 48 81 18 84 55 15 89 82 5 59 37 59 65
92 69 20 17 40 17 72 95 40 63 89 67 45 54 63 27 98 82 83 98 96 70
50 29 98 42 82 21 42 79 59 19 43 96 53 97 39 85 2 24 9 58 14 56
27 59 39 72 72 36 89 77 22 98 96 84 24 30 52 42 72 56 11 62 27 72
40 34 85 6 48 83 29 91 91 45 7 75 91 57 25 48 22 13 12 57 5 92
57 66 63 7 41 94 40 89 65 57 12 18 86 80 0 57 52 17 74 44 14 40
8 7 13 30 98 57 84 70 39 88 42 29 31 5 98 57 14 54 23 78 43 78
6 5
69 1 51 88 64
82 5 45 34 21
38 17 32 49 10
43 17 7 70 92
95 48 82 66 25
53 54 16 87 40
1
Transpose B
14 27
38 79 46 67 49 77 62 57 53 14 46 61 69 79 32 49 14 23 54 65 43 68 73 19 52 79 23
45 80 50 12 90 7 22 40 26 2 55 89 16 77 77 22 63 29 65 2 99 18 55 14 60 42 12
36 86 45 26 25 63 27 71 81 90 67 45 89 34 90 3 87 59 20 72 53 90 87 55 10 72 9
18 4 48 30 8 47 48 70 5 17 33 43 19 75 93 98 32 69 20 79 15 25 19 13 71 38 22
33 30 61 2 61 44 14 49 16 89 60 90 74 53 67 3 55 84 91 46 21 64 57 75 45 97 49
4 41 61 79 61 79 53 97 77 33 35 75 19 11 28 15 29 41 66 69 27 44 36 60 15 69 1
94 25 42 56 84 39 97 59 15 30 3 97 74 1 7 5 81 79 57 99 1 14 16 63 49 31 57
12 89 16 86 77 64 28 90 23 54 26 61 43 92 3 29 93 68 91 49 44 37 77 82 47 40 45
45 90 95 98 39 28 29 73 58 33 8 93 94 87 33 29 11 3 48 54 14 98 4 94 0 2 26
73 79 0 1 32 43 33 0 90 94 10 71 93 59 60 51 31 83 70 19 93 52 33 32 41 80 1
14 33 87 10 7 45 5 94 34 59 94 67 50 84 73 62 56 79 29 84 66 22 77 13 30 72 73
31 38 3 57 39 14 72 62 11 34 24 15 31 35 94 66 24 18 41 76 45 26 56 73 61 53 14
80 95 34 0 32 37 76 93 53 51 10 11 64 30 5 57 14 54 28 6 55 89 96 91 96 91 86
29 87 5 48 46 91 76 91 71 58 85 56 24 57 45 30 5 8 61 31 85 34 54 79 20 56 19
27 18
41 52 72 36 98 65 7 42 59 90 52 62 32 56 84 92 6 55
56 2 77 8 97 78 31 55 40 0 31 86 57 89 61 73 78 86
3 94 88 81 22 28 6 97 53 38 7 59 10 87 87 97 12 38
62 78 52 55 56 92 69 86 57 61 8 91 30 95 56 48 2 21
85 43 97 81 47 75 66 8 73 96 6 44 54 76 22 40 20 73
20 41 2 52 11 81 12 31 23 83 0 10 62 71 16 46 80 13
44 88 49 38 10 81 86 75 15 78 74 20 4 78 64 73 76 20
1 96 28 14 89 67 55 97 77 9 36 19 62 54 89 71 28 8
61 46 41 33 55 24 6 59 17 32 15 59 10 1 26 3 15 1
86 23 38 67 24 51 78 89 73 22 43 29 12 42 33 1 71 98
58 85 33 24 32 25 26 68 62 86 26 16 41 57 1 72 5 50
48 56 70 20 51 9 3 43 30 67 58 89 37 35 42 12 64 73
34 30 27 49 6 66 23 59 5 42 90 90 16 4 90 52 43 42
64 21 52 51 41 64 89 39 55 66 87 62 84 42 85 91 6 32
53 82 90 94 91 26 37 44 34 92 37 86 65 91 47 46 36 68
58 55 14 48 22 67 88 36 74 59 24 31 12 62 81 4 49 55
47 29 39 53 35 94 96 2 0 83 68 45 57 16 12 11 89 78
62 95 41 49 43 83 82 83 83 47 1 25 86 28 84 89 13 72
56 36 95 42 88 12 22 73 3 93 33 79 13 85 97 34 41 24
94 69 38 55 98 44 39 91 98 41 6 46 35 6 62 42 9 69
58 68 46 13 95 53 52 46 7 77 44 67 19 10 13 54 77 10
61 60 51 45 60 84 58 65 97 42 37 21 11 23 56 88 59 50
56 23 36 18 37 83 41 75 92 25 78 74 98 74 99 79 57 8
21 56 10 71 94 11 1 68 46 96 8 24 29 62 19 41 47 28
47 66 93 61 45 25 1 0 25 74 93 23 5 73 24 31 49 17
31 75 56 97 33 29 2 42 62 31 44 15 17 69 29 41 40 98
38 98 89 3 60 96 30 26 54 34 46 61 16 71 61 36 52 0
3
Transpose A
Transpose B
MUL A B
29 21
51 9 36 61 1 33 81 32 44 48 64 87 38 90 33 72 86 52 37 42 71
78 22 79 97 43 1 75 99 79 64 13 85 63 63 91 25 52 5 17 86 77
58 26 60 56 36 89 87 77 91 25 95 81 69 96 41 71 57 39 9 22 21
64 88 55 28 73 91 55 62 64 32 98 40 30 93 21 33 0 51 93 45 60
46 11 44 56 44 45 91 96 11 9 98 64 17 4 50 25 31 45 0 92 90
69 19 53 18 60 61 74 71 7 44 35 93 85 95 26 4 82 58 93 57 81
65 20 27 73 24 43 62 1 39 5 65 27 30 0 3 69 55 14 60 89 74
33 76 81 1 75 8 87 27 92 38 74 65 27 52 80 90 18 84 31 19 4
66 85 48 28 32 1 24 47 99 44 5 18 62 56 76 48 99 11 60 31 67
22 47 27 16 44 40 90 4 52 63 29 50 50 17 79 55 26 47 51 10 18
59 44 34 89 3 66 87 30 1 17 4 78 28 92 59 43 47 11 85 97 75
15 83 71 15 31 75 18 1 91 46 20 96 91 2 47 86 55 69 58 4 43
93 66 82 25 2 9 14 53 16 41 54 89 31 10 31 76 44 68 10 95 12
81 33 24 36 81 31 93 83 78 74 27 29 52 50 0 23 36 55 22 13 62
41 75 73 35 82 24 0 19 18 42 13 24 82 78 27 40 57 86 81 0 45
80 54 45 82 10 70 29 96 9 40 18 89 37 38 45 39 33 15 26 92 88
23 71 16 69 75 15 20 71 37 46 69 94 68 20 91 56 90 60 5 62 60
51 49 39 72 12 93 63 80 45 44 5 76 67 59 27 98 8 76 37 64 58
44 64 76 68 49 49 87 59 41 84 4 19 98 35 22 55 35 51 5 45 80
52 92 36 2 57 67 23 55 80 75 28 58 23 52 66 93 45 6 35 38 53
74 52 75 82 55 31 66 17 50 40 77 69 18 51 44 24 68 85 73 76 50
61 58 11 31 83 65 99 39 7 0 73 63 30 52 74 95 62 32 95 80 56
84 97 0 44 54 61 88 80 58 82 45 57 53 66 28 98 74 48 59 73 36
43 2 89 30 13 84 77 83 81 45 12 41 22 75 30 67 7 23 26 10 63
14 17 29 40 78 49 81 20 75 0 7 55 37 51 52 88 76 83 54 18 82
37 35 44 96 54 93 66 17 64 81 38 61 78 0 39 2 13 16 60 18 38
10 18 25 81 53 94 45 63 79 95 45 1 71 71 73 79 62 88 21 78 77
62 17 70 77 93 1 96 10 92 45 56 74 5 56 65 23 69 28 92 22 75
61 81 72 38 44 75 88 85 77 31 96 20 40 5 67 41 75 64 59 99 75
4 20
12 94 23 4 14 3 54 88 88 37 53 10 45 5 51 72 58 57 61 32
42 77 57 43 74 91 51 57 91 14 30 42 40 78 13 98 99 1 84 99
82 50 33 25 61 32 59 61 35 46 74 72 71 85 28 45 94 34 61 89
28 89 31 82 64 31 73 20 2 42 2 68 11 71 28 26 42 79 44 4
2
Transpose B
Transpose A
25 13
45 53 15 45 7 7 1 1 41 38 53 1 29
97 27 92 63 40 29 94 73 96 43 45 55 46
7 48 32 79 32 9 25 5 85 2 64 65 30
76 0 11 70 73 9 55 34 48 86 8 27 79
43 22 11 97 17 76 67 82 89 84 6 75 78
69 46 75 65 88 9 35 42 18 83 35 44 76
34 56 58 1 27 6 39 15 13 4 70 69 29
96 50 20 13 66 55 69 99 92 40 91 33 31
29 89 50 29 11 42 33 13 33 44 62 72 15
6 95 32 10 53 22 88 7 32 33 11 47 88
17 28 33 11 0 48 10 97 87 41 10 99 43
60 34 25 69 81 33 24 20 29 24 83 81 97
27 93 83 80 79 52 39 2 18 38 69 83 56
14 96 68 5 61 72 49 22 37 45 94 42 78
93 67 80 72 37 31 66 66 71 2 43 42 93
88 44 56 50 51 14 7 17 23 3 39 46 28
83 53 36 9 80 73 7 15 50 44 35 35 6
99 75 22 47 23 44 59 99 23 16 22 93 49
6 50 50 0 53 53 39 20 42 67 10 43 22
28 57 7 69 68 12 46 56 71 87 2 61 54
3 67 40 69 69 60 41 77 53 42 6 32 90
80 52 75 64 18 64 74 38 59 54 18 20 5
82 70 57 16 19 66 26 12 55 61 19 71 44
86 28 6 42 81 76 13 6 67 32 1 49 68
48 10 11 33 48 86 87 55 67 35 16 59 27
6 22
23 46 57 78 14 39 8 77 97 38 17 66 15 75 74 62 90 30 50 73 42 86
87 28 8 53 25 98 0 25 11 25 86 56 49 19 35 28 51 83 48 55 67 74
85 73 36 89 7 76 77 79 79 86 57 73 12 11 20 80 77 59 80 86 1 30
12 67 37 92 43 31 96 7 9 94 51 88 24 91 60 71 38 79 90 49 39 57
6 80 23 88 42 72 91 43 8 70 88 25 40 23 5 61 86 52 35 66 17 45
0 68 36 37 5 30 21 33 79 27 31 15 80 75 92 81 57 40 39 29 93 34
2
Transpose B
Transpose A
2 5
29 87 89 47 3
83 95 55 41 29
11 20
36 41 56 92 57 16 73 7 18 93 86 20 48 57 96 33 2 54 33 25
18 12 73 87 86 8 53 83 71 82 22 4 65 26 95 16 9 90 43 56
7 87 6 51 35 83 19 36 49 43 27 91 38 20 0 78 85 43 63 73
57 21 41 65 27 65 47 45 86 79 53 7 44 91 40 91 81 64 87 86
10 36 23 90 70 48 64 15 32 34 78 77 84 53 7 50 24 7 69 54
57 95 55 35 44 98 66 57 63 67 63 8 34 35 68 86 89 96 98 60
4 54 23 56 57 54 12 41 58 3 62 9 57 30 38 65 70 96 69 23
41 63 39 29 24 6 74 77 86 17 10 88 9 2 46 82 54 40 10 10
19 66 95 80 68 32 83 32 87 57 43 59 11 29 79 80 83 7 1 59
8 57 0 22 23 54 68 40 39 33 16 78 91 58 43 64 16 10 47 86
65 55 13 97 93 83 84 20 85 30 58 22 15 17 10 95 33 41 79 51
1
Transpose B
12 3
57 48 95
55 73 14
83 7 86
9 33 41
79 96 76
82 36 68
75 42 93
29 25 56
46 22 71
76 23 24
19 7 58
86 22 96
27 1
21
78
80
40
23
29
36
1
28
14
92
78
63
56
73
38
7
49
82
86
50
21
18
96
37
41
60
1
Transpose A
2 4
96 16 84 39
86 24 48 76
22 10
46 10 65 81 66 50 5 39 15 13
59 44 76 66 80 70 42 79 36 66
41 71 38 99 35 65 89 24 62 14
87 13 56 19 69 58 96 66 5 50
79 9 29 46 1 89 22 57 63 62
30 38 85 34 85 90 31 29 65 98
90 30 3 59 55 17 72 11 82 86
50 44 73 22 79 44 44 93 68 35
6 73 83 84 73 3 97 72 37 83
49 80 53 32 41 85 74 33 7 64
38 97 15 65 16 63 51 37 63 5
62 18 85 44 89 30 90 31 27 72
96 36 0 87 33 70 14 49 72 75
81 30 23 43 78 19 47 39 98 93
25 96 20 98 87 80 80 50 98 20
94 60 34 27 13 61 64 71 37 60
63 4 26 13 41 88 82 17 87 0
67 39 32 26 19 76 63 93 30 38
93 45 11 56 87 38 61 16 27 44
81 71 66 29 67 40 54 7 25 48
20 18 1 69 68 8 22 7 45 69
92 93 89 6 40 67 41 36 64 10
2
Transpose A
Transpose B